48 75 84
10 95 64
47 82 48
67 61 54
25 44 46
72 72 23
15 65 77
87 25 40
46 3 57
81 51 0
20 54 25
5 2 70
3 57 70
43 89 10
53 10 36
38 63 74
71 33 34
72 76 97
88 8 5
4 21 25
68 48 40
90 35 24
41 11 18
84 11 3
15 41 40
77 72 2
26 69 78
8 12 22
79 24 81
90 96 5
48 22 63
82 28 95
40 29 33
50 57 37
49 27 77
55 22 90
94 23 15
61 55 83
54 89 68
83 52 24
26 60 40
17 7 35
52 74 13
4 63 29
16 93 88
69 24 71
69 75 61
96 66 67
39 29 34
95 58 13
20 10 28
56 22 7
86 16 20
27 86 57
75 34 25
4 83 44
78 93 91
10 71 80
23 45 46
30 64 66
78 69 78
54 44 52
96 95 25
62 42 3
1 99 45
38 34 8
57 27 11
85 31 63
73 33 27
7 6 63
7 48 96
82 35 12
20 98 90
95 14 12
28 62 69
39 86 36
43 63 72
55 15 67
69 24 11
75 43 3
90 28 18
8 71 14
13 1 15
37 46 98
74 98 14
31 48 77
11 79 33
35 62 55
2 71 19
80 78 0
30 76 96
79 0 7
48 43 54
99 81 72
87 32 42
44 70 45
31 13 33
18 78 62
59 67 7
52 26 90
17 86 22
30 44 10
55 86 54
94 43 81
51 78 44
9 53 33
28 96 15
38 40 49
50 0 8
57 3 95
15 35 50
10 95 41
23 62 51
65 25 34
30 53 9
14 62 81
46 18 93
36 46 48
38 46 65
7 27 20
63 19 68
54 3 49
35 90 35
41 85 6
24 51 66
45 89 94
26 93 17
53 73 40
95 57 3
39 6 27
9 90 44
59 51 93
59 84 60
47 97 23
99 60 4
53 70 19
86 5 95
40 64 25
28 72 4
54 98 39
84 52 52
53 72 79
5 35 90
67 49 91
78 10 71
5 18 44
54 20 77
8 38 38
6 74 75
77 67 11
63 31 22
7 53 49
87 78 95
50 18 38
45 6 23
10 70 80
24 23 64
41 95 12
74 79 93
76 34 46
60 10 69
78 99 78
43 90 2
62 8 84
84 88 85
59 13 35
99 99 49
88 53 4
84 55 43
30 91 19
73 37 10
15 16 43
15 35 16
58 79 69
78 16 40
20 19 12
60 58 67
9 32 78
25 83 0
77 14 43
65 2 76
62 79 4
31 33 29
37 0 31
48 27 26
1 81 20
41 90 53
40 21 84
33 99 4
0 76 89
52 18 14
69 90 5
61 58 15
82 22 42
59 42 86
69 16 89
33 99 36
20 85 26
93 84 51
33 47 41
89 25 69
59 34 29
73 70 47
92 56 27
36 76 12
28 15 93
30 81 13
77 40 84
92 29 44
39 64 41
94 28 73
12 0 50
59 94 27
54 33 27
20 81 91
26 43 77
57 29 73
21 28 36
19 65 81
92 28 25
56 74 70
69 2 27
38 4 74
17 95 49
58 15 90
41 95 13
2 28 2
92 62 35
5 67 44
57 25 52
39 96 47
40 37 29
0 75 61
10 32 81
15 83 54
10 70 51
75 77 64
99 30 54
40 98 24
40 81 38
71 14 74
52 82 59
84 41 24
91 85 70
39 67 23
36 98 18
97 14 31
75 32 60
12 10 32
60 0 36
61 71 65
38 92 99
80 65 35
40 30 96
4 46 16
98 32 54
9 63 24
23 55 96
17 10 8
16 98 88
28 29 24
0 1 99
2 63 60
29 83 23
56 0 19
88 92 76
4 1 4
95 94 9
3 34 59
50 31 61
87 27 60
33 70 5
72 41 32
92 64 95
67 40 3
32 65 59
51 75 15
31 54 86
86 95 80
52 88 82
27 61 97
97 58 51
66 24 8
25 91 96
4 2 28
83 83 15
85 35 27
49 83 35
85 4 74
57 58 16
84 89 51
73 74 97
25 34 65
66 42 66
27 70 99
9 38 35
20 20 58
55 13 61
44 67 57
50 48 99
41 13 49
74 49 18
20 90 95
58 49 80
21 61 79
9 2 38
18 60 11
67 67 77
53 39 97
56 32 31
74 15 42
92 43 78
58 63 89
44 16 58
47 89 89
30 86 26
70 39 16
2 47 32
68 73 87
94 14 77
86 98 74
80 16 29
16 13 36
55 77 49
98 73 16
30 17 63
48 94 32
63 74 67
67 93 17
97 56 96
89 40 80
45 1 54
52 28 74
23 38 17
86 65 50
89 62 97
54 59 43
26 57 55
84 37 53
17 84 92
14 87 92
10 89 63
86 38 30
7 4 97
80 20 49
24 43 85
2 97 10
77 16 55
79 56 33
66 15 58
41 79 93
50 24 13
76 68 99
4 93 84
14 1 18
0 4 54
29 84 1
63 87 6
52 34 88
78 40 37
36 85 30
56 65 49
1 8 21
19 14 8
13 89 47
81 77 97
74 0 25
7 76 15
89 98 6
54 96 20
21 47 55
60 89 89
0 77 70
78 75 52
32 7 90
80 53 28
16 82 7
61 22 53
50 90 39
25 83 85
52 49 42
57 81 81
21 69 62
99 93 88
76 49 50
4 44 72
85 35 16
12 28 93
99 14 85
53 66 82
31 27 43
91 45 60
39 95 39
20 80 26
2 21 80
9 57 27
81 99 97
99 24 71
44 92 66
26 9 24
3 71 49
98 25 58
58 53 26
48 69 49
82 97 97
84 65 5
28 61 39
82 89 30
99 84 6
70 51 3
31 42 14
15 27 49
29 42 36
72 84 96
45 94 73
46 79 76
82 50 24
96 7 26
5 12 65
49 41 64
89 86 69
39 96 50
76 98 79
3 2 73
95 15 23
20 7 83
81 14 16
1 53 62
54 10 49
11 0 54
80 89 97
12 10 11
1 25 98
43 33 72
53 6 95
44 27 83
43 62 36
92 73 59
93 40 60
93 39 67
46 53 2
75 47 40
86 8 11
17 42 44
21 95 22
72 2 67
95 5 60
88 52 73
59 88 61
90 30 20
70 46 20
49 67 7
55 66 44
67 63 41
50 27 15
93 35 75
14 69 51
67 31 94
58 60 49
75 11 44
29 61 24
29 47 57
37 11 59
17 35 96
39 25 56
21 50 87
90 51 55
9 51 83
61 37 21
39 71 30
52 25 81
51 3 96
80 71 74
20 57 1
15 54 16
89 22 33
75 11 48
51 48 76
95 47 66
66 80 84
37 60 54
74 68 34
9 26 80
60 96 69
12 82 30
6 86 49
77 42 73
62 39 4
32 64 31
18 51 24
42 69 94
14 82 74
10 88 33
69 39 38
94 97 26
36 17 96
78 17 90
36 41 58
64 74 72
96 16 23
45 15 49
66 94 83
28 73 41
18 21 84
66 75 85
67 77 69
49 66 69
57 20 52
99 13 38
60 23 27
32 24 39
38 49 45
67 49 29
22 4 17
26 47 12
57 10 72
70 45 41
36 25 28
80 77 93
9 3 18
28 65 92
93 88 19
83 56 34
79 25 49
50 11 29
11 88 30
30 53 14
94 24 46
13 33 26
98 1 13
82 9 54
77 71 36
70 6 80
85 63 27
82 30 12
3 44 90
78 71 35
89 71 39
58 71 72
5 37 57
47 52 35
70 99 51
93 91 94
56 58 40
72 80 66
62 63 14
79 1 4
41 31 14
58 11 66
7 30 67
21 18 83
18 53 29
81 78 9
95 88 82
40 5 82
39 75 47
73 77 52
97 58 37
11 21 41
70 48 60
7 57 35
39 11 55
48 72 71
99 66 39
97 53 62
44 28 38
12 84 10
90 52 85
82 3 47
30 70 70
92 56 48
60 78 65
83 16 55
60 24 70
63 33 56
7 4 64
46 61 38
69 44 61
37 11 13
1 96 82
77 50 1
93 90 70
37 87 87
79 40 44
46 75 67
74 85 54
1 68 31
96 62 28
16 61 62
40 97 52
70 95 40
22 79 41
95 79 53
99 2 55
75 70 64
37 42 71
68 77 62
87 3 46
57 4 79
0 41 54
16 2 51
81 32 52
65 56 9
97 37 7
60 9 6
52 38 67
2 58 34
59 2 7
20 20 5
22 77 99
76 39 87
37 13 98
64 44 82
62 99 95
84 47 78
52 1 16
31 40 27
52 85 21
67 84 85
53 5 59
15 94 66
84 87 81
9 5 87
54 29 66
35 6 45
77 31 31
52 52 21
75 14 26
3 1 40
6 2 9
9 89 9
88 75 89
20 97 38
58 38 31
63 55 88
68 24 49
62 46 59
92 61 24
21 54 57
80 43 48
17 70 77
11 60 15
20 80 82
60 19 10
45 55 95
67 59 69
83 21 49
76 0 1
55 70 3
14 68 64
63 19 9
41 26 10
62 82 18
25 58 49
38 73 92
90 13 86
33 81 80
58 23 72
89 88 0
97 41 14
47 60 44
11 88 32
65 51 18
26 95 54
62 75 94
65 29 96
27 63 86
92 30 62
30 60 69
55 36 71
38 41 58
34 71 73
37 57 1
67 57 54
26 16 8
72 72 98
63 66 7
18 12 83
45 68 89
96 73 93
76 37 46
75 58 40
78 82 5
13 67 27
47 11 95
93 72 53
8 67 76
58 70 0
44 92 97
77 99 47
44 1 8
90 86 31
3 69 35
51 36 58
3 63 28
34 48 47
54 25 14
13 45 59
64 49 62
74 67 45
41 0 46
55 87 12
41 85 73
96 77 13
22 28 66
29 17 49
68 38 34
34 21 85
1 13 66
59 38 49
63 83 10
24 19 9
31 71 23
82 49 7
46 25 72
0 0 3
38 92 72
80 0 50
24 33 88
10 25 9
74 56 67
44 31 36
46 25 61
43 48 45
95 29 2
55 31 45
23 50 84
10 91 80
49 6 55
38 49 93
7 57 80
86 76 35
48 91 82
29 41 12
34 52 33
13 26 54
40 84 21
76 69 54
50 93 0
50 91 54
99 23 97
21 77 79
92 36 68
64 41 46
22 57 27
90 10 83
55 67 67
26 15 37
49 64 84
40 75 35
89 87 47
20 28 64
58 49 81
99 48 66
39 15 67
52 88 81
51 7 44
3 1 89
19 19 83
88 62 23
80 90 42
53 72 93
42 80 10
86 85 27
68 31 87
26 53 93
67 37 13
52 33 66
32 35 53
98 46 81
72 26 85
52 96 22
19 72 17
26 54 75
44 19 95
21 87 57
98 76 28
28 33 54
76 7 69
76 64 71
33 82 77
14 23 34
19 44 49
70 30 56
33 37 59
23 44 7
77 54 51
81 85 89
3 35 88
16 38 5
63 1 23
90 69 34
12 5 76
97 63 70
70 98 40
46 20 34
90 56 13
24 49 25
80 3 50
87 64 21
88 77 49
33 50 97
61 83 19
85 53 42
5 86 73
12 30 91
45 38 19
37 18 6
49 92 13
97 55 20
5 90 56
4 92 64
83 48 27
70 64 15
79 27 51
11 73 86
57 17 31
49 79 9
44 44 8
38 4 56
42 27 97
89 94 35
94 64 91
69 17 1
36 73 69
52 59 85
58 10 91
35 87 21
58 72 10
17 23 63
40 82 17
70 32 32
17 62 22
66 7 41
74 94 15
43 98 48
13 24 99
33 14 88
49 58 92
18 22 25
71 78 2
43 0 1
74 73 44
99 88 60
29 48 45
34 20 75
7 94 3
91 26 26
55 33 57
43 55 47
50 80 38
12 44 74
37 46 29
16 53 34
93 34 9
38 35 22
72 24 50
10 52 47
10 49 1
18 43 85
20 4 89
68 4 54
3 78 57
14 51 43
77 31 54
57 93 80
8 83 82
85 36 76
5 16 62
56 25 64
20 28 51
59 20 52
4 63 22
43 71 40
74 54 42
20 57 52
0 84 95
22 29 73
1 1 58
98 82 67
77 23 74
81 44 21
2 80 48
62 27 92
89 39 24
95 31 25
33 75 27
60 8 73
8 35 45
24 3 94
60 98 98
88 2 14
28 17 35
15 24 2
97 68 34
46 41 1
2 42 58
26 95 11
2 66 39
46 4 96
95 52 19
37 54 8
75 59 98
34 90 64
86 3 18
62 64 51
27 80 24
43 76 1
51 87 31
73 68 22
38 78 73
35 82 66
49 3 84
28 65 50
60 54 67
57 32 48
56 57 86
25 84 77
23 46 20
3 59 71
0 55 26
52 64 38
27 69 72
57 39 93
99 47 14
98 59 11
30 33 58
39 37 81
98 7 54
75 49 19
61 98 16
79 17 8
8 50 53
3 46 40
27 56 69
29 83 52
8 18 29
85 20 91
75 80 49
55 32 58
68 99 34
23 65 63
67 98 39
27 41 35
19 54 36
78 19 61
66 19 25
42 34 59
22 80 57
90 28 38
73 0 99
60 58 11
13 6 3
9 31 48
58 2 68
4 94 41
50 73 33
13 36 80
24 61 97
33 28 62
60 26 90
13 85 63
41 99 55
48 77 71
6 62 62
84 23 25
76 15 98
33 82 20
98 20 46
96 42 87
75 95 76
20 81 8
16 31 93
49 10 6
75 90 52
37 59 42
46 56 86
93 59 75
38 15 5
47 83 94
95 88 76
62 31 5
84 8 57
71 17 71
65 72 72
39 70 73
58 42 7
62 52 70
67 51 63
95 78 68
12 2 97
1 29 69
31 72 80
48 5 0
49 60 4
49 24 50
74 23 9
74 55 15
13 60 46
93 16 24
50 50 80
71 96 16
57 22 44
76 4 86
17 43 4
93 10 87
30 82 64
91 74 71
92 56 89
73 83 25
67 50 43
90 52 66
60 72 45
9 4 20
40 5 45
88 35 13
23 99 90
94 90 42
15 89 51
68 7 71
85 34 13
85 93 14
5 91 41
23 25 82
61 29 40
76 24 27
16 83 41
79 86 84
23 62 12
7 86 66
52 46 56
82 83 88
90 85 66
3 42 46
15 85 23
64 50 94
78 62 0
87 16 19
15 38 93
97 22 4
70 7 96
31 53 23
68 27 62
59 34 34
77 94 71
34 78 54
1 43 90
33 92 7
7 8 46
3 18 58
60 28 65
43 49 46
97 15 1
88 74 22
65 19 69
54 8 76
63 19 59
20 96 67
53 66 77
86 60 5
51 10 44
92 69 1
74 4 1
81 70 74
43 18 97
40 72 2
71 27 60
44 86 58
14 93 93
28 53 78
67 63 51
49 92 11
87 45 98
52 21 28
33 70 90
60 21 63
52 33 71
75 94 35
78 14 70
50 80 14
8 40 47
9 51 15
3 95 34
72 7 85
10 48 99
51 97 12
84 55 8
38 94 61
70 1 40
53 14 63
49 12 94
41 51 9
5 15 92
79 6 15
61 24 29
69 69 1
92 86 12
97 3 3
10 17 79
90 63 71
79 43 26
48 34 54
98 8 14
59 65 84
86 64 1
75 2 91
24 47 63
63 18 51
33 94 69
2 75 96
6 77 85
76 81 54
61 59 30
61 24 87
23 62 38
35 35 57
9 44 52
18 52 51
38 52 23
68 27 79
33 90 43
16 12 42
65 17 51
26 46 69
99 47 94
14 26 11
45 89 8
14 43 50
82 98 13
45 47 94
22 72 75
24 75 19
0 24 82
3 39 67
89 52 72
40 66 53
46 17 40
89 12 82
7 48 47
10 28 62
68 81 29
57 42 48
53 35 36
50 93 75
16 74 61
26 14 21
81 84 86
51 69 88
56 87 78
29 23 44
72 58 43
1 73 51
23 80 36
61 44 73
49 32 51
6 12 54
84 42 62
36 43 73
34 73 43
13 43 99
73 39 80
60 54 78
23 82 23
46 23 52
84 91 43
77 84 58
31 5 81
98 28 80
65 85 90
56 80 37
4 44 49
35 54 63
34 88 97
64 71 79
70 86 80
47 90 56
29 39 7
72 25 16
82 53 16
62 6 54
46 62 41
43 5 14
15 15 47
83 5 35
84 90 76
9 31 29
32 78 73
79 82 41
42 16 2
11 24 58
77 80 33
3 23 20
15 37 40
93 56 74
29 34 74
13 89 60
45 77 26
7 64 31
38 86 34
48 56 4
40 15 19
84 31 76
50 31 38
21 74 17
88 35 30
56 6 25
29 32 87
34 11 59
67 42 76
4 99 19
20 60 46
13 97 8
0 62 61
52 70 13
35 74 0
11 98 32
61 40 49
15 29 87
44 32 74
27 61 34
43 77 57
75 71 31
4 37 52
32 10 64
62 99 66
25 99 79
15 89 14
87 15 70
19 90 62
49 84 54
20 79 52
58 54 41
34 12 68
82 6 61
42 42 29
12 26 16
22 95 16
57 8 44
96 87 86
63 51 9
76 50 87
76 4 96
71 52 10
25 70 87
65 25 79
90 87 58
34 48 17
76 71 89
14 16 49
66 13 69
65 20 72
18 55 69
67 94 51
98 83 20
42 94 14
97 70 3
67 26 63
39 40 74
5 54 87
43 97 87
47 19 95
14 8 29
51 12 96
2 26 31
77 16 66
13 43 58
18 54 97
83 95 38
37 98 82
36 47 95
76 29 94
27 53 75
12 50 53
78 85 75
88 83 0
97 46 44
39 75 37
71 73 31
30 90 4
45 65 17
81 23 11
90 70 86
8 26 0
10 36 19
62 21 31
44 3 17
42 55 70
49 13 64
82 78 97
84 56 71
68 8 14
17 85 84
36 95 22
49 40 37
81 12 66
28 28 18
41 60 74
65 2 11
36 70 80
74 77 95
81 84 73
63 34 38
36 0 85
65 10 59
1 62 43
1 8 22
53 50 89
17 99 37
73 38 66
83 1 71
13 15 59
42 74 98
83 95 7
43 42 89
84 70 84
89 0 34
1 56 55
96 39 62
72 71 60
3 6 97
32 56 57
81 77 75
72 99 48
4 12 78
1 87 71
77 98 94
98 73 91
93 62 6
66 81 90
47 31 0
69 30 73
75 83 66
4 20 32
92 58 28
91 57 81
31 20 97
66 22 66
72 82 99
71 58 41
79 91 65
2 75 3
33 90 37
98 63 31
42 99 6
27 20 95
17 10 76
29 49 73
69 66 66
78 67 9
46 26 57
97 11 76
59 79 82
9 33 34
48 47 86
77 78 75
86 29 66
77 6 1
72 56 80
92 93 23
18 93 13
32 90 10
28 39 6
49 29 56
3 97 99
76 91 83
96 38 34
16 43 70
61 56 20
5 71 64
17 67 5
53 48 98
17 90 60
93 75 49
5 28 52
74 88 42
15 97 27
46 88 43
53 42 24
0 88 89
74 13 10
89 73 95
47 99 34
60 21 77
28 14 27
56 24 81
75 78 62
38 98 14
81 90 51
24 68 26
92 0 87
26 41 28
54 63 96
65 57 87
41 46 78
87 31 48
53 76 64
83 99 60
76 29 28
60 25 10
38 39 95
56 81 81
60 22 63
54 53 57
86 25 78
58 68 39
65 38 76
65 51 92
16 43 84
85 80 27
10 92 70
83 2 71
94 14 66
85 87 65
97 55 34
25 6 13
73 47 17
28 13 89
62 17 21
74 11 69
48 37 76
36 77 0
41 68 9
8 82 32
81 62 90
61 4 76
32 0 22
38 85 42
84 59 28
28 1 86
6 97 20
34 49 61
34 1 57
4 66 61
96 89 53
32 9 86
42 12 81
35 98 24
30 84 7
75 50 4
80 5 59
57 72 60
14 70 21
55 61 47
44 38 58
11 16 77
30 86 83
28 32 35
28 86 81
70 4 56
47 93 11
60 20 66
14 78 23
79 22 37
97 30 26
6 83 14
89 49 15
2 44 42
37 59 41
57 52 11
85 90 18
76 68 28
87 58 79
38 40 39
55 97 2
99 17 13
23 20 95
44 56 67
53 78 17
9 36 48
29 87 56
56 30 40
47 70 58
28 76 20
33 15 69
45 1 95
63 81 44
63 48 62
31 28 48
79 88 70
37 59 79
44 19 24
34 96 70
73 86 98
47 10 50
22 88 50
47 89 23
19 92 33
23 62 74
35 76 45
19 52 53
64 38 80
33 69 38
42 41 32
37 44 22
75 70 95
11 84 95
43 99 96
50 98 50
32 11 23
2 68 40
97 29 49
45 44 42
42 9 19
66 43 3
74 94 99
94 63 56
60 0 77
84 8 81
12 14 90
78 11 90
78 72 34
4 43 73
74 10 44
61 50 57
67 63 89
11 7 99
52 9 16
74 6 59
94 14 59
21 17 84
58 54 12
29 32 1
39 71 16
86 71 23
52 73 55
89 26 16
77 21 66
90 43 4
23 29 39
78 96 25
31 52 23
61 98 53
35 26 43
91 73 45
57 26 70
83 10 40
25 7 74
48 89 3
17 75 82
38 34 51
26 43 8
54 0 50
35 39 24
91 40 90
35 34 81
38 84 79
64 10 75
14 64 79
0 6 17
37 64 58
70 30 75
42 22 77
7 31 74
83 30 34
7 61 63
86 64 75
35 92 49
91 9 39
7 16 66
98 99 54
96 97 36
84 26 14
90 45 42
67 58 5
41 87 99
60 67 71
10 64 21
83 26 45
82 96 5
8 58 28
64 40 24
95 98 97
18 96 20
21 80 59
41 63 62
90 90 63
10 69 0
58 5 94
40 7 24
7 24 59
38 79 91
48 0 50
98 49 90
26 75 26
89 84 7
6 8 86
76 60 68
89 87 97
12 58 16
59 56 20
47 62 23
42 24 11
37 20 16
47 27 33
76 12 20
91 28 91
10 26 94
91 77 54
84 84 41
33 4 57
19 4 1
75 95 38
11 73 36
11 91 62
36 35 24
36 45 66
36 43 14
19 99 44
34 35 58
66 59 39
62 9 75
52 96 65
96 33 32
34 24 46
27 37 39
63 50 99
33 62 24
46 17 25
81 53 96
35 28 88
31 47 1
84 84 0
74 93 45
53 80 41
9 10 4
61 72 23
14 51 38
10 92 89
97 78 46
15 91 13
5 35 6
7 85 33
86 58 58
69 28 76
57 67 63
57 19 8
3 53 30
28 65 57
65 12 90
64 44 89
15 62 53
28 53 16
3 57 27
67 39 25
39 21 49
47 79 71
92 24 28
97 66 75
2 56 59
17 56 24
76 91 12
92 77 45
64 81 38
87 49 32
57 81 95
27 22 99
25 88 81
95 64 21
75 56 10
11 57 49
15 17 96
63 31 58
23 20 57
29 83 9
54 12 41
93 5 74
91 42 40
16 45 88
81 68 74
71 28 39
21 69 77
26 92 76
99 19 96
54 26 62
16 93 53
70 47 6
52 39 73
73 41 37
63 44 87
84 39 47
11 56 21
93 5 68
67 27 87
47 0 34
87 28 53
30 78 89
33 67 97
78 49 80
46 48 76
64 59 47
68 28 96
13 87 50
67 72 41
35 5 42
60 22 75
43 72 40
2 52 5
24 31 88
26 61 36
35 13 33
39 29 70
81 5 0
80 17 50
59 15 16
30 96 31
69 88 47
71 98 1
41 58 88
8 29 85
62 46 56
69 11 21
88 38 11
21 48 94
3 75 93
98 14 69
19 16 99
94 79 80
62 99 35
6 20 33
18 56 68
55 55 22
69 88 90
0 46 69
1 93 13
89 10 57
86 57 56
85 89 9
98 48 21
45 25 87
68 22 31
91 35 2
23 0 43
87 88 6
57 62 10
88 25 62
67 58 52
5 74 2
90 13 74
34 71 11
80 6 50
92 24 38
35 21 59
54 54 7
72 63 26
12 52 64
60 44 71
50 49 0
46 71 4
61 57 67
13 22 93
89 57 72
28 86 86
27 72 39
91 72 94
98 56 8
14 59 20
72 59 70
94 63 62
12 12 11
33 3 89
65 25 21
69 14 60
96 12 80
58 82 10
85 55 66
55 23 0
59 98 77
53 33 73
72 46 45
66 15 22
44 83 71
94 41 63
56 4 95
10 51 39
78 10 13
56 74 25
90 36 84
73 70 0
28 18 18
78 28 94
34 70 28
76 91 53
70 8 21
94 40 34
97 18 74
9 8 68
94 58 53
92 40 57
70 79 86
24 3 15
78 78 52
58 81 66
63 87 72
22 31 0
69 69 37
33 10 69
5 18 1
93 14 23
29 9 15
98 15 63
74 16 55
89 50 35
66 79 16
52 9 96
4 28 56
39 48 55
61 6 74
67 50 93
8 50 84
94 85 12
99 50 79
65 67 67
83 96 60
86 90 97
39 73 43
99 52 0
7 66 29
17 19 19
50 20 82
63 75 68
32 35 69
3 10 96
25 68 63
0 49 36
69 93 39
0 83 80
60 49 28
7 80 68
92 29 12
43 90 12
46 85 62
47 99 81
3 31 22
95 64 10
54 29 36
98 91 18
44 91 53
22 33 41
22 32 26
47 97 89
35 84 92
77 86 39
72 8 79
62 60 41
55 38 88
2 13 95
42 52 78
28 98 17
60 86 46
61 68 49
87 14 75
26 19 28
15 72 57
80 85 13
17 66 62
99 54 6
90 35 64
33 31 91
11 83 62
66 27 12
89 7 76
86 85 52
34 29 20
11 23 67
35 69 20
77 77 83
0 75 24
93 22 95
7 14 51
97 30 76
64 76 98
21 91 64
49 91 81
41 83 34
42 46 73
22 2 3
59 89 52
55 53 40
40 55 46
31 9 72
97 92 7
21 40 36
65 1 26
4 51 42
0 77 17
13 20 54
34 71 86
26 8 23
13 15 65
75 29 33
65 44 20
37 96 96
44 47 50
61 75 73
6 78 15
43 14 51
46 16 80
65 0 2
56 51 88
94 54 96
3 38 4
13 63 96
76 90 8
94 23 64
64 88 48
61 40 33
40 18 25
63 53 18
45 70 93
23 11 39
2 26 15
70 67 57
10 18 12
33 69 13
69 68 15
15 72 79
77 56 23
82 14 55
51 81 73
61 15 70
99 29 32
30 67 24
91 84 22
68 35 34
47 79 15
62 86 65
24 86 70
69 15 51
3 34 12
26 23 37
78 84 23
81 98 16
37 52 15
66 98 52
48 93 72
61 51 63
68 90 84
47 43 24
66 16 28
61 31 47
62 87 36
33 60 40
44 29 26
27 11 40
69 91 59
11 34 35
54 74 46
64 37 33
49 28 4
61 82 82
40 55 45
12 37 8
32 67 99
50 28 3
61 2 81
65 3 99
59 65 2
21 44 89
19 71 1
21 59 63
38 21 47
88 98 85
59 53 63
65 52 36
29 43 90
57 48 41
43 94 92
25 66 86
18 69 6
43 13 55
8 84 67
95 85 2
56 97 75
23 85 46
71 41 69
38 96 11
88 3 61
93 92 95
26 16 74
74 35 22
3 44 0
80 78 10
23 35 53
77 39 10
21 12 51
30 45 80
4 94 86
50 87 13
99 20 99
43 67 17
8 72 98
13 41 29
5 43 31
54 49 29
76 35 97
62 28 5
48 83 17
51 90 70
87 59 28
62 67 46
37 8 61
55 46 78
75 8 89
4 34 10
15 54 41
84 47 14
76 29 55
42 1 37
26 32 94
67 94 73
81 80 80
56 98 99
63 39 95
93 10 52
33 8 56
83 25 31
13 69 3
92 9 34
14 26 99
54 44 5
38 66 96
78 95 65
54 58 21
57 24 49
88 56 1
75 95 9
21 84 20
80 29 74
39 53 29
42 21 30
47 16 97
63 71 50
99 50 43
50 21 67
38 8 44
10 94 39
5 51 25
91 4 26
2 4 68
30 92 68
45 61 1
63 61 65
45 29 15
5 47 95
22 29 8
57 13 15
45 64 41
46 80 78
22 91 35
29 61 50
61 42 19
54 37 68
78 2 13
23 50 86
83 36 48
24 66 70
11 51 84
74 24 48
52 82 76
46 35 28
50 6 45
23 24 73
64 57 35
94 7 93
66 27 8
57 92 40
88 92 90
76 70 93
84 94 77
47 40 60
73 99 2
3 11 68
39 77 29
98 37 96
26 72 35
19 21 45
57 8 14
18 98 85
74 84 29
36 67 70
62 33 39
66 84 49
55 96 75
79 21 89
36 5 99
34 75 42
6 66 75
94 12 15
34 40 2
83 99 6
84 1 45
70 95 45
40 53 11
43 48 32
54 77 51
74 71 46
28 13 73
95 77 7
42 68 4
68 29 62
70 53 44
74 54 97
77 69 22
15 62 33
31 38 76
1 78 55
2 85 19
46 64 73
80 16 47
37 71 51
43 2 78
61 4 12
89 93 5
37 10 4
21 77 47
97 18 70
87 80 10
92 21 22
13 57 75
43 67 91
46 78 6
48 12 58
80 61 97
75 59 0
75 46 48
74 79 87
2 52 96
72 98 50
90 10 96
41 63 73
78 76 67
84 30 65
43 86 50
9 89 63
80 70 71
91 35 81
75 78 17
0 37 39
38 76 73
0 34 14
29 37 36
58 43 85
27 71 82
20 14 57
99 7 73
65 31 19
55 95 39
94 50 75
76 90 77
19 74 39
97 86 74
86 22 75
63 5 7
34 17 23
45 4 14
81 55 53
77 26 68
20 27 3
35 49 78
21 82 65
49 89 30
45 27 31
97 87 59
27 98 16
43 34 54
42 93 70
99 46 23
4 9 98
48 70 59
25 16 1
12 99 61
39 13 36
58 52 34
28 71 59
1 76 26
64 86 25
72 80 40
31 71 85
96 92 51
27 8 57
95 45 67
3 74 68
29 18 44
91 2 35
31 75 5
62 80 78
12 35 17
3 44 41
18 88 58
40 51 98
38 75 53
55 6 84
46 95 4
33 90 1
68 46 22
58 66 99
54 92 52
62 50 41
41 9 56
54 28 45
96 60 72
33 61 4
57 69 3
96 9 81
43 62 41
91 60 15
19 49 85
14 48 41
62 29 90
50 98 14
26 34 7
63 11 27
95 55 15
43 78 62
45 63 17
40 19 64
38 85 26
22 87 61
28 58 92
60 57 2
30 20 67
57 51 64
3 45 92
24 51 79
19 93 99
39 61 77
70 34 67
94 27 96
2 18 93
92 34 18
17 35 46
85 87 54
76 7 32
81 63 74
20 64 62
25 90 76
24 27 63
95 6 26
9 96 50
51 62 11
21 71 4
92 65 37
28 56 43
81 52 56
61 1 37
38 27 98
73 56 15
47 25 57
38 81 55
9 21 51
45 31 44
0 55 83
92 58 89
80 7 23
36 76 85
24 25 80
41 46 8
28 77 63
29 58 24
64 53 36
5 18 38
80 59 87
83 8 76
98 63 62
0 0 72
97 80 34
88 73 45
58 58 29
4 51 4
81 39 40
24 63 92
18 0 91
37 70 56
47 91 69
40 34 34
52 28 67
22 37 32
91 39 44
6 34 47
21 19 12
75 84 40
56 57 95
96 98 80
82 95 22
61 9 6
75 51 53
61 11 50
75 69 9
21 25 40
17 12 41
96 1 13
7 63 10
93 84 76
14 16 99
28 48 60
23 12 12
56 66 73
99 55 55
20 30 66
4 60 92
94 8 66
35 50 4
1 13 95
49 42 84
82 40 5
0 95 99
83 93 24
79 53 84
73 57 92
27 93 82
5 39 71
39 87 22
26 63 95
39 67 27
77 99 55
79 89 11
7 30 55
47 82 14
47 73 70
14 13 21
34 7 8
0 41 58
64 27 2
72 46 73
29 52 8
28 69 59
30 52 42
10 88 21
3 85 66
71 11 56
82 61 29
11 13 54
26 87 88
1 73 59
67 77 90
51 78 22
72 77 28
11 12 91
75 20 21
4 58 39
79 53 79
50 45 18
56 24 70
69 17 64
9 24 30
28 34 68
63 7 42
45 43 36
61 65 50
54 93 24
89 97 19
48 0 83
33 76 63
68 73 74
26 62 36
55 59 20
56 5 89
77 38 44
5 61 71
29 41 93
57 32 23
77 31 12
13 95 53
50 4 1
9 20 64
80 14 32
41 14 86
47 75 61
93 53 22
89 95 34
73 85 50
47 8 16
27 33 6
4 32 73
97 83 29
1 94 79
50 17 93
59 90 23
30 96 15
91 20 94
10 28 87
87 9 0
70 34 92
25 43 1
22 54 30
54 5 95
41 45 44
88 72 2
60 28 76
38 47 16
41 28 48
59 41 56
98 23 11
1 55 37
30 58 1
81 23 60
0 66 33
52 43 25
73 51 20
38 75 14
84 82 80
74 13 91
88 57 32
91 32 47
40 40 24
90 10 62
82 49 31
5 4 15
61 44 14
94 19 72
49 96 62
53 10 80
87 73 27
34 62 50
33 5 19
7 81 78
62 40 85
8 99 33
31 44 17
55 72 19
87 4 47
72 44 85
62 64 71
57 27 5
92 62 97
7 13 26
93 51 7
15 93 82
93 57 75
37 23 21
76 13 0
83 64 47
35 36 52
47 20 48
30 61 6
0 87 50
82 4 69
61 21 78
38 11 0
22 11 0
87 44 89
98 92 74
38 97 81
30 55 30
61 84 6
5 55 50
1 84 3
0 16 84
6 15 4
52 76 64
3 38 20
59 53 66
50 82 33
72 29 34
89 67 64
59 53 55
25 19 91
8 69 75
87 52 83
33 83 89
78 86 42
31 93 90
93 51 58
93 71 25
6 85 62
22 93 48
62 31 29
26 72 33
11 31 61
2 26 62
2 40 39
1 63 78
66 98 69
43 12 2
49 3 66
33 46 46
54 13 32
62 15 89
80 0 42
26 26 58
63 45 33
78 80 10
71 37 38
26 33 42
97 95 72
21 77 58
69 7 41
49 52 54
62 38 9
78 16 35
24 33 1
92 89 17
7 11 33
16 4 82
57 43 94
18 25 97
20 45 78
89 4 57
21 79 73
92 94 5
70 47 24
64 21 0
85 15 65
85 77 56
31 45 96
3 39 54
27 33 23
82 16 1
53 53 65
10 30 74
26 49 58
68 93 38
50 54 91
21 1 20
26 3 2
38 13 25
73 8 51
12 60 21
11 14 97
55 18 78
47 19 50
38 14 51
39 56 12
1 50 65
83 42 68
88 31 48
42 99 13
12 0 9
88 39 10
76 58 9
59 48 46
27 57 66
2 57 38
52 82 87
58 89 69
37 58 50
54 39 17
22 3 29
22 40 0
93 5 37
5 23 28
21 25 62
8 86 23
51 6 77
73 84 88
92 55 89
45 3 91
59 74 2
42 2 3
8 95 71
36 91 75
26 55 42
12 94 59
19 47 80
9 57 45
2 80 98
85 51 45
48 27 47
20 39 3
42 24 83
4 46 60
67 80 96
66 92 0
65 24 9
83 67 28
66 42 11
7 98 79
49 48 11
70 74 34
82 4 55
49 61 12
67 2 83
26 23 83
73 62 26
92 17 5
35 85 33
32 21 73
44 43 23
39 8 17
19 3 3
13 18 59
42 51 12
5 18 40
61 96 82
7 49 29
55 42 8
35 28 89
31 94 69
31 71 4
5 0 26
76 82 46
99 15 60
16 42 20
43 91 90
65 0 16
9 30 29
52 65 53
23 17 15
85 74 69
57 4 34
71 25 41
2 5 35
44 18 77
9 35 84
92 4 54
88 60 90
30 25 39
38 95 32
46 99 94
59 25 60
36 68 5
47 54 49
86 89 7
78 38 37
17 39 53
27 47 94
44 25 74
98 59 6
42 32 69
67 49 82
68 91 32
87 80 97
25 9 98
84 61 84
93 15 49
28 82 82
53 55 44
41 63 87
38 32 66
10 46 45
84 33 86
37 72 42
9 6 37
81 92 48
14 45 56
9 0 98
51 71 43
54 65 5
30 7 82
65 74 84
3 52 11
52 95 21
95 60 58
77 13 5
50 10 37
26 55 2
34 62 8
4 4 27
68 10 31
50 37 12
40 76 26
74 31 29
28 27 56
44 92 11
30 71 73
57 54 36
54 42 8
23 8 5
57 25 60
13 56 15
81 41 83
61 63 88
81 26 8
47 2 49
11 91 20
24 44 28
62 41 80
45 48 13
67 2 92
32 55 42
45 34 27
92 72 39
18 70 38
0 23 95
85 62 10
83 59 9
95 20 50
75 72 31
27 10 80
5 94 3
73 48 45
85 26 92
12 73 79
52 33 16
33 35 12
42 63 96
10 29 35
94 0 23
26 86 87
6 35 7
20 93 12
31 92 14
40 2 0
82 92 90
99 15 62
46 44 69
2 58 96
86 31 70
78 37 47
5 35 16
58 24 83
64 47 91
84 17 75
87 71 76
11 2 26
88 8 71
48 30 20
83 24 89
3 53 64
46 60 28
63 98 6
47 48 28
1 76 12
40 89 11
58 88 3
0 42 82
31 91 98
96 64 6
48 26 98
20 75 30
11 20 36
10 32 60
47 17 67
23 71 74
58 19 93
2 70 24
10 16 69
18 22 35
50 98 46
81 36 41
72 18 45
19 28 48
73 57 13
93 62 68
48 79 55
75 75 66
28 8 5
40 19 86
11 25 97
76 97 9
71 5 56
49 41 60
74 27 93
65 94 7
67 18 21
3 63 5
15 78 16
25 96 45
91 76 29
45 69 31
12 43 57
93 35 81
37 69 27
82 21 52
14 38 12
84 88 70
61 99 82
98 26 5
75 52 83
97 98 0
55 41 9
17 75 5
78 88 54
12 77 45
45 18 68
11 34 19
50 47 3
20 53 58
90 15 83
87 50 49
9 30 23
84 19 17
82 38 76
13 39 62
42 17 63
28 8 46
12 40 10
64 29 3
51 70 24
17 84 85
27 40 80
94 89 14
46 12 96
13 68 88
14 93 39
58 20 51
83 62 61
59 13 68
8 52 65
25 98 14
58 32 71
81 76 45
10 53 93
4 57 57
47 79 33
89 63 99
52 47 66
22 46 29
80 58 52
35 59 11
3 53 81
76 45 73
15 72 55
31 16 69
80 47 45
37 18 57
44 2 63
39 37 44
61 80 20
74 78 35
49 87 47
95 46 45
17 66 21
49 22 40
50 97 75
54 68 25
43 74 95
92 1 51
13 17 65
34 0 93
52 7 6
23 92 6
75 74 58
0 94 95
8 46 60
67 40 60
77 33 33
14 62 48
20 27 91
95 48 18
60 17 36
64 34 67
24 28 17
94 37 27
91 62 70
97 62 13
51 1 82
69 26 30
92 89 15
69 13 57
85 87 41
62 57 1
23 47 60
63 3 54
59 15 54
84 42 95
7 24 92
88 85 38
42 47 71
3 19 76
75 14 16
78 16 20
15 66 41
6 87 67
88 39 88
87 70 77
11 97 95
89 68 31
62 62 21
74 41 56
22 66 64
70 47 54
63 70 18
51 76 62
34 57 96
91 64 44
39 61 42
69 52 79
19 72 71
92 12 78
69 43 13
5 48 1
63 10 27
36 56 72
61 89 53
66 19 44
62 14 18
73 94 25
66 58 38
48 85 74
71 85 40
91 77 88
12 93 50
98 87 20
60 86 67
96 90 29
8 80 7
83 3 4
34 70 57
18 77 79
47 79 7
7 72 93
90 17 80
14 36 89
50 88 1
50 35 64
17 69 46
88 33 66
46 81 26
21 7 82
74 53 98
98 34 50
68 54 66
27 85 46
45 26 64
40 47 13
71 66 26
58 98 97
53 42 37
63 49 82
41 38 67
17 18 71
59 37 16
58 46 58
68 0 42
12 80 32
62 35 76
44 33 48
54 20 16
36 76 31
19 89 28
69 20 74
10 75 16
73 93 33
31 40 11
94 81 6
38 51 52
54 55 92
88 72 84
3 90 15
53 27 96
50 66 5
30 26 93
30 93 33
43 67 94
82 27 23
90 8 83
23 36 0
70 29 43
16 61 21
25 80 98
4 94 64
11 67 50
24 41 12
3 99 34
15 4 63
6 41 95
63 67 28
52 97 88
89 58 82
28 25 68
79 43 95
34 27 53
13 64 61
99 2 90
10 64 37
27 60 38
69 7 40
74 43 55
83 78 41
39 86 27
4 28 69
6 75 63
2 18 73
72 14 85
58 11 97
34 43 4
40 15 92
39 10 94
98 6 90
81 23 64
67 53 5
44 5 1
80 10 22
95 25 32
61 14 92
7 54 31
52 15 12
8 3 58
73 58 3
58 90 14
55 24 73
40 69 73
39 46 68
24 96 54
6 74 56
4 97 89
21 87 99
46 33 71
47 78 97
14 65 53
95 15 65
16 60 64
20 72 19
5 22 98
14 39 51
66 48 67
9 14 30
49 31 57
76 62 62
62 63 35
72 23 46
68 54 17
9 84 69
12 89 44
62 6 16
31 6 32
29 87 24
37 73 26
63 13 4
86 48 69
49 39 70
15 28 69
51 98 49
43 18 69
63 22 51
93 69 32
27 41 3
25 61 5
61 70 47
14 15 6
85 36 82
35 90 50
70 56 8
43 76 62
30 70 45
17 17 26
76 71 62
64 1 1
26 47 42
55 68 9
22 65 68
6 13 18
68 2 17
89 74 29
41 27 72
45 42 91
64 53 37
13 57 71
0 96 73
63 44 0
38 33 46
54 1 54
81 34 72
8 80 22
28 91 61
86 12 61
46 14 40
14 87 37
70 29 80
24 57 30
66 79 84
28 71 91
81 9 6
88 49 41
36 84 82
16 33 99
71 0 70
56 30 45
53 85 27
36 23 2
77 62 50
25 51 34
19 41 85
98 10 56
59 8 65
7 79 45
12 98 80
56 32 41
6 9 77
53 78 94
54 9 13
79 2 97
7 50 5
15 49 98
67 64 83
34 72 5
46 3 29
61 89 47
58 26 94
81 6 45
59 68 66
55 10 45
91 93 49
87 27 25
68 22 26
20 34 8
54 23 28
60 8 44
89 60 69
12 30 79
38 81 2
70 4 40
76 95 57
94 30 50
31 85 81
53 29 59
94 79 15
77 73 31
2 88 47
76 4 45
28 64 13
5 70 5
97 38 5
14 95 59
41 77 81
73 2 24
64 25 79
89 38 62
5 73 14
29 54 79
39 24 45
85 84 51
38 37 73
39 58 54
81 29 28
80 45 25
10 82 50
35 91 23
30 1 25
76 30 37
3 96 12
16 88 11
52 23 43
42 42 76
26 47 3
72 47 93
4 98 99
47 55 94
39 2 79
70 21 45
60 42 99
56 34 87
43 22 20
98 93 98
38 71 45
69 57 12
80 60 87
8 58 83
55 7 52
47 46 10
39 56 94
89 17 3
91 9 75
88 50 89
75 11 33
48 76 63
35 85 15
49 43 29
47 57 59
41 8 34
96 3 86
69 78 27
70 51 56
69 52 46
37 17 89
21 4 76
64 56 34
30 16 81
22 82 59
73 3 96
88 39 49
59 50 20
15 99 27
9 64 57
22 24 29
30 88 14
25 94 39
76 54 1
58 0 55
22 88 67
53 18 82
5 64 12
54 36 76
99 62 30
47 70 10
99 70 55
73 61 14
56 8 69
58 91 51
90 0 99
81 42 98
29 24 39
37 86 78
55 97 99
86 95 15
85 35 86
75 27 0
21 61 33
64 0 97
1 54 82
86 82 36
19 72 61
37 98 12
25 1 85
47 14 0
81 19 10
66 50 45
9 42 73
65 82 77
63 49 59
0 82 51
84 77 93
45 41 27
72 41 99
38 19 16
37 54 17
10 12 47
3 82 70
92 66 50
47 65 36
90 67 24
40 1 96
70 26 5
86 85 40
72 15 39
6 51 42
5 21 76
82 81 17
6 47 98
37 83 5
28 54 67
21 6 94
17 92 22
22 59 59
87 92 82
72 55 9
23 9 69
33 50 14
86 72 21
59 72 28
57 78 29
33 26 58
11 32 28
17 26 14
57 76 37
2 43 95
22 45 60
15 0 29
10 64 77
26 98 48
8 21 87
35 27 55
14 9 45
76 46 72
21 28 45
6 41 79
28 39 69
31 79 58
88 19 33
93 38 56
30 12 19
10 24 11
46 33 1
8 33 89
42 14 28
28 39 76
70 47 64
86 87 15
52 43 51
10 75 6
13 3 83
10 17 38
47 3 24
76 80 56
26 27 90
36 40 63
87 20 68
68 21 11
57 64 0
55 97 34
97 10 89
36 31 46
29 32 10
79 78 35
19 16 43
42 22 98
32 98 92
26 99 40
8 57 98
16 12 8
41 12 60
79 83 71
18 67 16
63 20 42
24 87 64
63 85 18
63 90 85
35 39 19
92 34 66
48 34 92
69 25 75
2 58 46
36 27 62
65 60 81
64 5 0
66 56 79
75 2 41
46 73 56
92 30 18
29 72 81
42 13 89
60 2 93
26 58 70
37 33 82
64 78 39
22 80 55
61 61 2
11 45 30
71 6 39
67 83 48
64 32 17
45 95 9
53 44 14
19 64 46
37 22 41
43 51 32
21 67 31
60 40 66
16 80 55
61 20 28
74 72 25
65 51 75
95 91 32
75 31 54
0 66 63
73 54 27
4 62 26
57 85 23
74 0 82
89 91 30
85 11 56
99 39 92
53 12 40
74 34 70
22 71 9
15 79 8
8 62 58
36 98 84
39 10 77
64 4 62
38 11 29
8 53 79
19 29 98
23 17 64
24 53 79
68 99 93
64 10 81
18 5 14
47 16 84
89 39 98
59 85 62
10 48 9
41 11 98
49 0 68
32 76 4
19 92 92
75 78 94
45 66 77
78 64 78
14 86 61
38 71 13
49 22 21
68 74 5
46 50 82
45 60 13
53 73 65
10 70 4
67 49 18
33 66 47
90 73 50
93 54 16
5 89 76
8 86 66
59 39 18
15 50 26
39 98 2
60 24 78
63 87 77
65 61 90
9 52 19
91 7 88
58 23 81
54 16 58
32 46 13
66 91 7
76 39 87
43 37 24
28 78 32
56 54 68
29 69 30
7 16 15
72 10 25
29 63 41
18 77 78
49 43 19
32 64 72
16 18 93
46 63 77
56 60 94
73 3 7
48 89 86
85 83 87
90 58 53
48 54 48
61 95 84
56 52 38
89 74 1
75 14 68
5 37 22
77 74 81
58 18 77
23 13 74
53 85 67
46 43 1
45 44 33
18 30 63
86 78 30
45 47 99
27 96 58
30 99 32
48 52 30
39 7 38
92 92 13
80 6 44
78 48 88
4 3 97
55 76 5
72 25 21
15 24 23
54 99 55
9 94 69
42 60 10
36 92 93
37 52 54
98 86 87
93 6 98
69 9 62
0 29 83
76 40 88
41 97 23
52 79 47
58 75 45
87 35 28
62 50 47
83 95 13
79 59 86
59 70 68
56 38 27
90 30 13
8 11 72
94 75 57
73 66 86
43 43 26
69 10 70
72 96 93
66 35 46
54 23 93
78 63 9
40 22 58
42 13 5
30 27 66
2 67 20
4 60 50
23 1 70
34 51 34
44 21 99
42 95 98
19 96 60
4 49 38
0 51 83
2 5 60
75 15 62
55 71 86
24 36 67
92 86 56
92 19 53
81 94 89
70 78 28
17 46 39
28 78 86
4 70 31
99 67 92
87 93 24
96 56 87
56 4 59
29 46 85
89 69 33
91 29 4
57 18 1
54 4 5
35 90 99
28 21 52
91 99 65
58 58 80
37 16 79
66 1 96
26 59 36
75 50 12
85 23 53
5 50 65
79 80 7
53 12 4
43 20 74
85 74 58
88 4 73
42 49 45
63 41 55
83 11 15
12 47 96
50 72 25
56 57 57
71 88 75
37 34 41
55 90 35
89 94 73
99 88 57
45 26 54
32 18 34
9 1 45
83 14 44
82 66 93
61 14 39
43 66 11
88 89 5
94 22 86
19 54 13
47 29 17
80 14 78
6 28 30
29 59 41
25 77 50
10 39 55
4 87 4
57 29 58
51 3 55
77 95 70
95 79 42
18 86 93
13 84 69
31 33 49
24 3 78
87 10 21
44 48 48
29 80 57
32 12 38
0 25 62
86 36 88
92 0 27
96 17 89
1 66 28
58 37 11
94 56 15
20 42 35
39 66 47
83 27 39
81 25 27
3 66 92
4 56 64
4 64 59
81 30 25
82 85 93
69 13 83
34 28 71
63 84 98
10 98 60
51 40 89
82 6 86
15 49 83
65 81 67
39 77 42
22 79 68
64 52 32
26 74 14
55 79 76
95 57 65
52 76 67
45 88 9
67 9 14
3 47 62
0 52 59
42 61 65
68 33 6
76 73 82
44 55 26
55 27 45
6 16 50
99 79 36
63 52 53
93 86 52
64 58 39
83 43 32
52 52 65
41 63 16
51 73 77
36 78 40
46 94 71
51 26 37
31 33 36
65 21 87
64 70 50
35 31 19
2 11 58
92 2 90
3 44 0
88 96 15
21 99 1
32 64 33
81 54 76
84 7 29
95 13 65
47 37 48
58 65 80
21 25 1
38 80 11
43 97 85
90 6 77
35 25 67
14 12 28
44 98 10
58 35 10
33 96 29
79 79 51
36 63 24
30 96 50
78 85 93
90 85 76
59 7 59
97 22 46
36 45 82
99 13 41
97 87 22
17 18 61
9 13 72
43 90 62
14 53 15
74 38 71
75 61 80
34 67 83
94 44 4
67 57 5
28 66 10
82 49 75
2 99 89
24 30 11
77 1 74
29 76 78
57 54 76
14 23 18
64 31 1
97 51 17
80 62 62
84 33 81
57 34 91
83 10 81
86 32 39
5 74 67
11 59 67
5 59 50
2 64 44
44 13 17
52 76 81
33 55 72
65 30 65
44 44 46
21 10 53
52 98 52
3 97 55
42 66 36
18 7 79
67 90 96
36 35 86
11 68 9
37 8 34
25 57 63
87 1 76
67 86 38
91 51 22
71 73 44
31 83 63
34 20 78
48 28 21
92 30 1
41 81 37
12 15 50
70 39 23
78 56 92
69 54 81
15 50 67
44 70 43
40 83 34
20 70 60
82 4 75
7 92 36
94 17 56
89 19 41
70 65 16
45 52 86
27 61 60
90 19 0
46 58 15
2 50 62
14 91 54
5 78 99
84 28 38
2 56 14
13 46 18
44 21 63
85 53 41
61 82 83
57 71 91
38 16 5
97 13 80
69 83 0
98 73 96
30 26 15
34 14 53
61 19 55
67 48 44
31 68 49
98 83 47
34 24 39
71 28 67
10 89 46
72 47 49
90 8 95
86 71 24
45 9 60
88 29 88
59 26 51
94 86 12
37 52 33
37 55 20
19 32 46
13 69 21
51 37 40
52 93 22
79 29 64
68 78 41
80 99 14
19 28 9
7 36 20
36 37 24
8 61 60
83 94 55
73 6 75
38 50 40
61 18 71
60 26 97
87 57 20
72 28 53
76 84 68
53 12 93
68 22 90
64 9 5
11 40 7
44 83 3
40 23 4
94 34 20
87 23 72
95 47 90
19 6 15
69 40 12
40 84 33
30 13 29
60 47 68
58 35 3
6 64 23
85 35 8
32 57 17
33 80 53
88 88 77
58 28 42
59 18 51
42 27 40
55 35 46
40 0 96
18 90 1
87 58 82
31 58 24
83 41 55
57 57 4
28 29 19
72 70 40
20 56 24
52 70 97
38 16 82
16 21 5
28 7 44
70 70 90
25 67 12
48 80 57
24 25 97
52 53 78
70 83 73
81 43 62
36 56 60
19 91 88
25 14 0
79 53 52
89 97 15
42 47 13
53 7 77
9 95 50
93 88 32
98 30 40
98 78 30
18 34 42
16 72 55
79 33 90
50 8 80
13 4 32
64 73 89
70 15 87
99 10 79
27 81 7
6 32 51
19 49 58
90 77 55
14 2 8
76 91 7
19 77 51
36 59 79
24 43 77
38 88 61
53 62 39
25 43 31
40 25 22
52 58 6
96 80 94
25 90 52
73 10 9
48 0 92
52 96 62
55 19 57
49 35 25
77 16 87
63 71 65
16 88 10
32 88 48
62 52 18
21 61 58
10 86 27
2 85 85
68 52 81
66 35 47
71 64 76
51 77 94
65 70 7
61 5 5
58 37 8
47 20 86
86 83 31
72 51 98
69 25 26
15 99 55
47 99 85
62 59 95
15 18 25
45 23 40
20 97 88
11 12 86
51 18 5
45 26 72
97 2 28
47 81 74
15 37 80
78 8 63
20 84 65
39 48 7
36 75 84
43 78 86
5 95 59
58 79 55
16 57 78
0 73 91
55 95 47
15 68 96
13 60 33
87 18 7
71 86 40
84 4 13
14 45 26
68 66 98
1 73 18
22 36 39
64 57 5
45 73 95
19 22 60
68 82 94
62 12 23
49 50 43
98 4 83
99 18 96
59 57 46
38 29 63
53 63 53
39 50 60
70 22 90
78 6 48
12 19 57
64 81 87
46 61 79
97 97 42
15 61 15
39 48 70
43 54 10
9 31 8
95 11 33
44 76 17
11 6 98
27 42 9
33 25 32
34 77 26
43 1 87
1 40 43
50 30 5
55 81 83
2 9 2
3 79 29
87 57 65
41 97 52
72 19 63
43 3 46
48 66 60
31 96 51
9 54 93
24 60 66
73 95 66
17 20 5
58 33 2
32 59 35
14 51 2
1 84 63
63 70 8
73 56 92
58 77 45
98 4 78
39 71 48
3 9 23
67 73 27
40 73 23
61 24 19
85 77 71
2 52 24
51 40 97
3 48 84
67 85 6
82 92 90
59 40 12
37 63 56
38 69 91
1 4 0
34 51 28
83 4 51
60 89 81
94 11 61
7 99 37
98 52 63
12 26 82
12 3 16
79 36 62
7 61 78
83 75 81
70 74 50
29 44 76
66 86 40
82 17 81
83 60 92
13 31 81
76 6 34
68 40 32
18 81 89
14 38 16
62 73 34
3 44 3
81 17 9
4 60 32
35 21 30
65 87 86
58 97 0
90 53 33
23 39 11
42 67 89
54 88 89
40 67 80
4 17 67
25 97 68
43 75 47
50 85 53
10 71 98
92 91 12
26 22 97
76 34 61
78 24 11
59 95 80
96 44 82
36 66 66
54 21 20
0 65 78
19 89 15
45 48 2
53 25 97
29 76 18
26 78 20
32 35 5
85 8 73
55 74 49
53 52 85
65 16 1
71 4 17
91 25 39
27 30 94
97 52 3
94 5 92
17 71 70
56 59 67
76 33 73
16 65 57
59 15 54
9 61 35
88 19 48
70 14 50
6 36 59
52 53 90
31 74 22
52 81 39
33 81 78
19 36 31
54 47 41
13 16 69
59 7 21
68 44 55
31 34 29
59 74 48
61 30 76
81 29 73
66 92 80
73 44 45
85 44 94
13 18 12
4 35 41
79 77 72
88 95 12
1 32 77
30 20 16
82 37 4
20 37 64
57 62 37
19 31 63
52 36 79
27 73 75
6 61 39
92 20 94
45 97 62
17 81 71
68 11 4
84 60 20
60 89 60
88 0 98
95 79 32
20 8 36
34 59 75
9 66 70
27 31 45
47 17 10
32 67 61
45 30 62
2 40 18
46 41 81
19 7 25
62 57 38
97 9 65
85 49 99
9 85 19
94 4 5
23 37 67
29 32 38
44 86 52
4 86 34
32 77 51
67 87 41
26 8 38
55 20 89
19 50 48
57 0 15
8 46 28
4 15 95
60 11 21
35 98 77
64 68 94
10 56 15
52 67 69
16 80 71
0 24 64
41 10 5
40 71 49
76 22 82
15 22 80
22 46 91
73 17 47
53 85 71
43 47 6
78 94 98
31 72 32
24 69 29
4 61 55
52 48 21
30 2 42
56 14 22
94 77 82
92 98 11
58 9 31
12 97 96
55 74 76
44 87 65
62 68 99
78 55 78
33 16 12
95 52 57
80 88 97
28 20 42
67 31 23
7 49 29
40 32 8
96 79 62
5 76 32
83 45 75
6 22 96
49 90 23
51 45 88
16 86 96
14 13 81
0 62 19
24 29 20
27 51 41
5 89 70
91 78 10
96 77 80
72 78 83
8 99 31
89 59 61
29 64 42
12 29 52
56 70 42
89 3 23
82 84 78
58 76 35
72 9 1
85 62 21
97 87 99
41 6 21
42 79 35
76 38 11
36 97 40
92 52 81
98 62 15
26 7 29
87 84 71
44 61 44
49 29 25
58 90 20
64 56 70
4 36 98
86 57 32
1 20 72
74 68 93
12 68 29
43 76 5
21 10 61
39 37 44
72 55 84
97 42 32
97 68 12
31 33 20
39 73 98
21 81 98
40 87 26
55 56 28
85 97 31
26 74 77
10 39 84
53 94 18
85 51 59
88 86 13
57 77 74
44 33 0
86 58 37
50 73 7
70 87 83
53 9 68
18 36 53
76 29 75
52 19 92
42 52 32
11 45 24
99 50 33
49 69 28
57 67 62
61 97 92
85 59 42
45 36 88
61 23 54
99 45 24
81 36 52
31 47 13
30 27 56
10 54 41
9 52 53
14 27 86
38 33 24
76 91 36
48 38 30
48 32 46
43 47 90
90 9 6
73 44 91
66 28 98
17 60 84
88 54 28
28 52 21
71 62 90
78 71 90
48 56 74
60 84 67
84 31 91
20 46 14
72 70 65
69 6 68
88 67 91
54 39 38
19 67 70
55 77 84
84 39 60
17 67 4
2 28 89
1 74 38
67 94 35
26 11 9
28 57 71
68 6 60
90 37 56
69 81 36
92 29 63
75 92 90
4 42 62
21 56 9
31 94 54
84 92 59
26 38 32
36 25 95
16 98 67
52 73 14
3 56 72
17 74 30
96 35 4
12 94 15
51 19 68
55 62 75
25 54 81
94 56 9
82 95 42
74 39 11
14 3 38
24 39 20
75 42 15
64 34 93
98 12 11
72 68 53
11 46 71
26 57 8
44 50 8
52 39 17
10 21 99
71 75 16
34 24 94
26 11 59
1 31 90
28 22 55
13 47 3
68 7 93
69 39 38
29 36 43
60 29 29
50 53 88
4 39 53
48 40 98
65 36 99
39 15 48
69 75 35
69 22 26
93 26 13
64 72 34
78 26 9
17 85 75
47 87 46
12 12 89
67 63 75
35 67 22
80 4 69
8 38 89
0 28 77
86 12 71
0 19 33
34 76 41
70 21 58
94 76 30
30 99 71
12 36 53
9 6 99
91 65 72
18 37 53
59 62 49
49 20 19
88 93 35
9 91 26
38 57 17
57 71 94
21 95 24
3 82 26
93 30 58
50 98 65
14 50 15
56 26 83
0 82 86
31 68 79
87 94 6
70 26 73
30 31 8
24 82 78
54 18 84
95 32 72
46 8 44
26 4 69
23 57 9
89 37 72
40 61 7
21 13 38
19 13 52
63 91 57
32 19 65
3 97 74
57 95 5
74 27 45
21 75 30
7 41 12
6 42 39
51 55 27
90 19 37
70 32 20
25 51 37
53 4 72
66 37 63
15 29 44
22 37 60
87 79 77
96 99 78
0 89 82
65 3 18
30 71 29
49 58 26
89 96 9
18 45 99
44 72 57
57 75 35
85 54 84
60 6 68
60 37 27
99 39 96
20 95 88
40 32 35
54 71 13
20 72 79
0 26 68
46 65 58
13 2 21
62 6 99
65 49 26
16 61 64
35 21 59
8 46 35
57 92 51
33 56 29
62 68 91
92 21 82
71 4 24
17 8 88
77 51 9
1 89 11
4 65 70
72 68 45
83 30 50
70 24 23
75 74 10
31 89 93
53 78 84
64 96 2
89 15 71
79 10 95
90 61 37
76 59 49
55 39 11
11 40 22
62 21 65
37 90 5
12 44 11
98 78 5
84 33 43
6 86 33
45 32 80
63 7 43
67 84 70
6 29 40
6 14 41
96 60 31
30 48 13
24 20 43
7 16 44
86 74 21
87 20 24
18 26 26
30 13 10
57 61 80
69 60 63
90 99 7
42 44 48
38 23 20
99 84 81
82 55 22
7 2 28
29 86 33
44 48 48
44 5 62
22 18 22
59 38 38
63 1 31
10 87 82
81 60 74
70 89 41
42 21 15
74 28 21
73 2 26
73 29 81
92 27 1
53 1 1
83 78 27
14 76 71
84 0 22
59 80 93
94 54 12
0 26 42
69 38 35
76 98 13
95 81 93
77 38 69
33 48 89
84 32 33
29 74 75
80 15 42
54 71 60
61 67 80
86 38 19
9 38 95
5 39 37
67 51 91
37 76 73
72 99 96
3 60 65
32 65 23
15 39 68
84 4 51
39 86 65
0 81 45
49 94 58
77 92 22
3 13 2
23 30 24
20 95 2
68 19 92
42 81 12
51 80 14
46 15 72
38 76 80
84 32 11
32 3 71
76 90 34
29 8 7
63 98 48
30 78 15
60 69 61
26 83 5
48 73 27
59 1 9
30 95 69
85 65 63
49 59 9
65 81 47
57 59 34
6 33 36
28 77 82
46 26 89
90 89 1
37 13 82
1 47 41
74 41 58
1 99 42
30 15 64
74 84 18
11 20 54
69 76 60
18 14 46
6 65 91
15 26 1
47 43 94
34 39 76
64 65 70
30 97 22
34 64 95
43 32 1
53 69 40
95 5 71
67 55 46
26 63 81
9 77 92
22 85 29
78 73 2
61 53 13
25 45 13
77 22 76
64 27 92
47 97 52
63 73 88
50 26 35
50 23 90
70 82 59
12 74 94
41 3 1
50 75 33
94 82 1
53 92 70
6 73 35
22 83 41
41 31 45
48 40 97
81 67 4
38 78 25
33 82 15
56 1 36
65 79 50
3 9 64
6 92 2
59 49 76
16 18 89
0 75 60
25 66 20
7 83 53
25 14 50
17 17 76
88 55 67
25 35 8
87 2 92
36 76 21
84 82 25
35 67 34
28 23 96
48 20 78
68 53 57
73 76 71
16 99 69
72 1 61
31 50 94
78 25 61
66 6 82
61 78 97
88 37 55
13 11 48
94 63 31
76 21 84
74 65 22
28 14 57
81 79 47
69 65 9
9 10 45
12 28 71
36 91 56
81 66 59
99 64 85
49 85 67
64 2 54
61 21 17
96 99 93
47 19 1
60 9 41
67 26 13
45 99 41
68 55 33
84 8 69
81 14 95
31 7 47
60 30 23
55 34 11
6 3 74
99 14 93
43 87 64
55 38 65
19 37 96
74 2 86
60 90 53
81 25 29
92 20 20
80 75 58
76 11 31
79 67 7
23 71 34
48 36 42
70 28 59
33 82 35
4 19 2
8 95 87
51 43 85
87 49 19
79 23 52
22 94 0
33 87 93
83 63 82
45 48 35
69 42 31
53 38 53
66 29 92
83 68 68
93 61 99
77 60 90
14 49 11
56 32 85
19 50 93
75 10 53
19 89 19
84 27 71
73 50 67
48 40 34
33 80 44
49 94 50
57 76 78
29 25 38
11 25 97
55 46 89
42 96 4
3 80 13
62 42 82
91 14 83
84 48 71
29 21 36
3 55 22
63 80 23
49 48 46
53 32 60
29 30 84
94 38 64
23 14 31
53 65 37
5 83 8
64 73 93
55 98 70
58 53 69
26 83 9
58 41 98
6 82 76
24 99 35
55 51 99
51 52 11
37 58 23
71 9 87
38 51 88
32 10 18
97 1 8
28 23 62
73 10 49
30 37 44
40 94 73
53 30 58
23 19 5
93 62 95
78 6 62
45 57 7
31 82 41
72 54 95
11 2 59
65 18 48
35 30 32
8 12 53
99 88 91
36 5 87
5 47 16
48 64 48
34 16 73
87 17 89
65 95 35
13 94 14
22 22 93
89 12 51
25 93 81
83 40 24
61 47 95
49 57 85
83 48 54
42 42 36
61 38 96
60 49 85
33 3 38
22 48 46
89 67 10
99 77 95
22 64 36
3 65 65
24 96 22
50 70 15
85 49 80
4 44 63
77 75 60
82 35 6
50 66 31
54 14 96
25 86 23
78 39 28
17 80 97
72 3 43
24 30 82
66 92 86
26 23 67
18 58 27
48 62 58
13 66 5
80 36 81
51 90 84
22 27 15
85 35 18
20 98 64
63 85 9
66 66 6
23 84 81
45 6 83
36 12 3
62 86 16
85 92 0
65 76 23
23 87 12
31 42 12
93 35 92
79 12 25
9 59 98
55 47 5
41 79 33
21 49 36
31 26 35
97 22 44
42 28 50
49 23 34
18 11 37
2 54 27
15 79 43
70 5 34
91 82 56
96 80 13
86 66 54
11 7 94
64 48 18
19 43 67
96 1 43
14 62 99
66 61 20
28 91 80
42 68 27
7 17 68
14 62 43
99 49 45
40 60 89
85 49 53
74 91 96
74 11 82
36 71 55
53 41 85
1 30 94
14 5 45
29 39 44
99 36 29
38 37 91
56 65 43
34 65 97
81 32 6
45 22 34
12 88 6
52 69 80
51 69 75
74 56 72
89 72 93
28 91 91
57 32 41
5 28 16
43 93 84
18 22 48
26 37 92
95 49 96
31 14 71
22 60 8
95 78 97
77 21 74
70 94 79
47 65 34
70 72 48
53 46 31
0 67 17
32 98 38
49 16 86
41 29 3
12 58 0
32 38 8
61 42 92
41 22 28
13 7 90
38 2 50
22 63 99
69 69 14
19 29 26
1 64 5
81 33 15
22 27 9
49 40 12
87 40 73
36 19 11
3 62 34
93 93 17
15 28 95
79 39 51
49 0 30
40 36 35
76 46 67
56 46 84
40 74 9
9 44 48
50 86 90
10 93 72
71 41 3
66 59 82
39 11 36
89 59 65
88 3 24
25 41 28
13 44 1
18 3 44
58 66 53
93 68 71
41 5 23
26 53 18
89 53 4
60 77 77
48 23 95
83 32 92
55 50 78
9 54 15
4 83 56
76 35 91
56 48 84
46 70 42
67 29 74
63 39 27
95 8 23
90 91 15
77 49 55
9 13 97
82 16 41
53 54 54
92 66 58
90 60 34
76 7 81
32 55 77
96 60 59
97 29 8
66 54 54
15 26 51
92 16 12
32 92 76
1 44 95
96 33 45
57 49 9
33 51 71
66 26 71
94 8 7
2 29 91
77 40 89
35 77 54
31 11 30
3 32 46
54 86 29
28 37 24
42 7 31
57 25 95
38 60 42
87 51 78
24 27 20
91 29 59
59 74 18
52 85 5
43 30 84
98 70 24
60 35 35
58 77 80
94 28 41
46 63 10
63 20 99
60 72 82
77 1 60
65 35 79
86 45 75
32 53 14
76 68 38
92 50 96
14 64 60
78 64 59
48 38 57
29 83 5
79 98 34
81 39 58
79 58 88
69 50 22
43 42 32
5 62 89
2 99 47
42 42 93
78 14 81
25 47 65
9 18 41
5 4 68
20 66 62
6 34 46
35 88 25
18 87 26
88 53 18
47 67 63
55 57 37
58 8 1
60 50 4
46 7 66
34 77 90
72 62 1
77 19 75
66 59 54
62 47 42
49 26 22
77 16 82
38 17 79
84 52 19
82 60 9
74 31 27
1 99 26
89 87 86
99 71 27
0 57 66
35 29 99
45 74 16
93 81 79
69 3 35
74 24 93
33 47 12
66 11 37
50 42 37
9 77 12
57 98 67
31 25 23
10 82 50
29 37 54
70 71 7
60 67 62
32 77 62
68 11 64
70 0 46
39 73 82
95 93 15
2 75 32
45 92 94
74 27 50
6 21 9
89 52 32
46 49 78
36 9 57
96 37 72
28 57 7
69 78 7
70 12 77
69 49 33
3 38 44
13 21 25
96 64 47
11 65 43
21 74 34
4 74 58
38 36 76
37 57 60
84 24 99
31 23 53
73 95 0
16 32 6
64 4 66
16 13 61
24 53 29
72 54 52
58 8 99
13 98 89
33 76 39
89 44 16
7 60 17
31 78 31
20 45 94
9 54 27
0 23 33
93 71 70
26 38 59
81 68 28
89 35 10
35 22 26
56 15 30
7 20 50
68 88 65
77 84 23
41 44 62
17 90 49
16 26 30
37 2 52
53 55 71
17 12 78
96 72 28
83 81 75
56 91 79
31 74 50
53 89 24
27 24 1
96 92 69
14 97 3
63 87 68
23 12 44
46 24 34
59 98 7
65 76 21
66 36 88
96 25 53
90 5 6
54 44 20
73 63 47
16 69 47
50 29 77
65 15 22
65 70 40
33 60 74
18 96 75
51 12 31
90 46 87
19 52 37
38 37 11
94 83 28
75 87 8
24 20 80
63 29 17
4 60 10
69 92 52
90 74 93
4 0 86
23 48 84
23 7 65
86 2 94
90 0 36
12 38 99
90 49 30
10 87 44
1 21 6
35 4 95
65 72 61
22 98 99
28 56 82
86 89 44
13 97 51
81 57 20
32 53 35
87 43 50
34 98 47
96 9 66
7 9 4
67 30 93
72 17 53
18 92 78
89 8 59
94 48 70
64 62 84
33 82 14
49 20 16
98 37 73
0 70 17
16 20 72
35 74 37
48 67 99
70 79 87
6 71 78
93 95 23
15 50 11
75 0 61
88 91 62
58 13 65
92 81 47
52 27 40
56 6 66
10 15 59
48 94 0
22 4 64
11 58 65
22 53 61
71 90 49
3 30 67
38 43 55
68 73 98
27 2 33
85 79 50
70 25 99
56 13 0
53 80 56
39 86 28
43 34 34
10 38 85
83 27 79
13 66 86
63 16 34
43 78 1
53 65 86
14 54 10
41 56 87
62 76 16
3 33 8
44 2 95
30 23 99
42 99 51
4 61 15
37 26 91
89 96 97
59 99 8
89 49 3
44 20 44
85 33 14
30 23 7
73 49 25
36 47 41
3 44 50
70 5 19
9 2 0
32 48 61
10 19 40
48 61 8
99 86 35
44 42 61
11 18 32
73 32 19
63 33 5
4 24 38
82 77 89
84 93 0
86 15 98
69 18 78
81 92 88
24 46 63
20 15 69
71 17 0
70 12 8
92 79 83
30 25 9
94 19 23
90 39 85
59 80 2
58 65 26
98 11 79
44 5 97
38 86 17
51 96 33
89 69 8
17 90 21
13 82 3
72 10 61
62 8 70
49 73 69
37 33 54
98 47 9
70 88 87
36 89 98
22 13 47
72 14 23
95 3 95
81 51 97
97 63 65
51 18 21
38 18 87
85 87 93
9 69 94
75 2 93
31 18 41
29 27 6
94 92 1
49 4 86
57 74 69
52 14 77
72 40 78
45 61 70
63 84 8
15 88 47
4 84 72
54 0 91
55 83 37
3 69 34
64 59 14
10 81 19
40 40 11
48 78 84
68 0 3
70 82 50
35 84 56
0 40 58
76 8 50
0 80 73
50 22 70
77 96 82
76 65 20
5 89 97
57 97 64
39 99 58
59 24 34
95 82 78
26 99 46
88 56 7
15 10 30
44 28 28
36 88 42
78 3 79
55 67 25
93 47 4
74 70 1
54 47 17
76 3 62
45 86 26
83 67 16
43 59 77
76 29 11
28 14 25
33 12 65
34 47 57
13 42 94
70 21 90
48 37 39
61 13 45
0 89 52
92 17 52
85 34 94
84 67 40
54 33 19
43 49 9
70 5 9
4 29 39
66 23 54
31 39 83
60 77 37
34 10 72
63 24 81
14 13 52
59 61 50
48 25 49
94 21 98
12 38 46
7 47 97
46 66 8
49 58 81
61 16 30
26 43 92
27 81 79
92 17 0
75 48 89
4 64 94
96 2 91
94 82 67
33 53 40
25 10 24
15 15 22
77 12 90
10 54 24
78 33 24
78 43 11
18 18 48
25 78 83
60 89 56
32 58 52
99 59 78
76 70 19
30 54 71
0 0 52
36 1 22
97 24 52
6 90 53
0 9 25
98 88 82
18 29 71
8 84 85
60 23 73
25 41 99
34 9 1
59 77 77
17 76 56
11 73 74
93 99 41
29 14 92
38 39 61
23 81 16
35 66 82
49 21 80
79 91 5
97 52 77
5 80 38
92 28 61
95 77 99
39 19 4
59 68 55
95 28 70
16 74 1
80 74 17
60 88 50
24 23 7
76 35 21
7 70 30
66 7 93
7 34 30
1 97 24
89 26 13
77 94 96
23 29 44
14 37 2
76 84 58
12 49 26
84 74 31
19 75 51
29 73 91
42 66 58
5 28 72
85 16 25
0 73 20
85 18 7
47 72 44
25 14 80
47 17 35
45 13 27
35 15 22
94 44 29
87 17 64
81 84 42
9 86 61
29 11 97
50 40 21
3 89 69
68 21 99
50 55 11
30 72 3
51 65 32
70 23 45
99 20 23
83 94 96
62 22 23
47 32 26
83 51 3
36 70 71
99 23 62
54 19 87
35 60 60
35 5 6
30 31 14
38 51 80
69 59 4
73 96 74
82 6 87
57 74 29
10 70 38
9 79 27
33 30 8
75 33 51
1 45 33
65 0 89
14 40 14
94 8 1
49 59 78
92 65 5
79 66 18
67 7 96
37 77 50
30 52 43
8 17 28
93 45 66
47 76 45
83 91 52
2 92 21
98 37 57
25 18 82
21 34 68
92 61 75
12 88 19
20 48 36
23 18 21
77 73 70
5 74 17
81 95 40
76 20 99
26 34 80
13 3 44
80 66 50
66 87 21
86 87 80
28 28 25
39 37 63
17 67 67
3 71 18
34 54 92
95 97 14
41 7 44
20 45 49
95 69 77
95 86 8
11 6 62
52 18 60
86 83 32
83 40 12
40 96 37
29 5 34
66 14 28
82 40 84
51 71 65
1 46 22
87 7 73
86 92 35
11 74 16
52 9 21
90 47 72
40 47 37
52 97 79
52 99 33
61 26 14
66 33 1
83 95 12
26 18 65
33 48 60
45 20 40
79 19 55
23 78 27
1 66 47
51 11 76
55 73 34
63 94 54
94 37 78
24 83 28
74 12 72
94 45 42
38 25 75
59 69 93
24 99 33
9 47 78
21 6 83
34 21 76
84 29 37
73 95 10
11 66 53
66 83 77
15 37 62
59 47 53
42 21 36
33 10 99
33 86 99
6 45 92
39 13 11
80 8 67
67 55 52
12 35 41
52 60 24
7 73 13
33 25 65
17 7 46
43 64 79
90 32 37
26 84 51
7 51 0
15 59 77
36 0 96
84 85 85
21 51 9
3 7 59
31 4 85
93 46 62
12 19 59
10 77 22
14 43 26
65 21 45
88 18 10
97 33 62
8 63 85
94 12 2
59 58 6
75 92 93
38 80 7
42 87 76
63 11 32
33 93 51
7 28 63
67 77 6
3 85 60
94 63 66
71 89 37
18 75 32
0 78 76
56 48 79
74 97 3
93 79 68
99 23 83
9 77 19
10 86 51
27 30 38
65 53 3
40 71 33
91 46 86
3 84 7
77 52 87
20 80 86
61 10 3
36 5 24
3 3 42
57 7 30
39 9 47
22 16 70
83 70 38
53 81 71
89 27 72
95 78 25
46 57 78
97 40 27
64 95 57
75 33 37
96 73 59
62 39 64
83 9 0
44 67 24
37 10 11
18 90 35
72 70 59
50 48 9
31 83 89
75 31 6
95 82 66
34 59 5
87 13 24
65 13 18
88 91 81
9 56 91
43 84 65
14 32 69
0 19 44
79 55 95
55 77 64
24 86 31
99 90 97
59 64 13
1 30 30
20 91 54
83 81 15
74 32 19
28 30 55
71 47 23
7 11 6
92 85 21
10 7 82
99 90 36
38 76 87
58 18 62
10 56 54
29 96 30
91 56 27
49 71 37
87 20 88
96 1 70
77 85 47
95 53 27
41 38 54
37 10 15
60 29 76
43 17 42
83 65 48
99 70 28
2 47 9
73 71 71
54 1 37
91 36 71
46 78 19
33 22 43
15 23 48
77 99 70
97 87 67
0 12 72
31 62 4
4 0 75
54 48 72
57 52 85
50 20 65
55 45 47
32 50 70
5 97 17
61 30 77
38 99 47
96 79 4
27 60 79
15 45 40
26 43 0
75 90 55
43 92 76
58 15 24
56 33 11
36 91 23
90 4 71
2 16 69
34 67 86
48 54 67
72 42 87
12 79 55
41 51 15
11 69 59
2 25 4
34 36 13
5 74 22
7 66 23
31 49 73
2 68 46
72 88 76
68 52 1
85 12 31
20 17 92
1 2 35
99 51 95
35 39 97
49 85 80
61 85 46
22 21 62
62 49 82
96 45 67
19 94 46
37 81 32
58 40 14
16 96 65
85 12 63
45 39 18
7 99 79
20 12 28
55 78 82
14 36 43
72 56 44
31 43 82
74 64 4
66 49 50
31 79 61
92 87 23
46 69 66
67 35 30
43 68 89
48 95 34
66 17 12
1 58 97
32 64 66
72 88 95
70 45 90
52 13 41
39 73 88
7 0 38
52 26 14
18 63 34
34 43 50
61 70 16
82 26 47
48 72 41
7 5 96
46 98 88
62 93 86
66 2 18
4 67 75
4 39 57
52 95 0
0 58 85
73 25 54
90 55 42
64 91 52
42 60 84
24 56 17
46 22 98
39 48 48
84 77 35
16 87 72
53 64 48
52 10 72
94 35 12
39 50 1
86 94 57
76 25 7
62 40 49
66 88 10
14 82 88
38 59 71
74 12 81
48 11 25
27 47 96
2 13 60
38 14 34
6 76 86
66 76 24
31 70 62
34 35 62
32 82 45
38 26 66
21 12 73
32 17 5
94 36 37
97 32 89
10 1 85
43 4 95
5 39 48
52 33 20
1 69 63
83 49 62
21 51 57
85 85 18
79 62 88
53 32 23
34 0 74
2 49 11
9 39 88
19 76 42
39 52 29
73 35 63
69 33 60
39 37 52
27 94 65
43 88 87
64 3 61
34 8 92
21 4 69
45 98 24
74 25 54
93 36 68
91 65 55
8 39 14
31 54 18
2 77 48
88 27 75
11 56 52
18 72 42
92 23 0
1 39 90
78 72 62
46 7 40
42 18 52
6 61 78
70 56 52
75 49 19
15 20 58
61 87 72
84 53 90
29 17 29
51 9 21
75 48 76
43 33 50
74 84 21
87 11 32
86 65 62
86 14 27
25 33 13
41 24 92
67 0 0
27 84 46
7 63 54
46 59 12
84 38 50
10 90 17
63 86 13
88 36 76
1 78 66
17 64 90
14 24 72
22 69 14
10 21 44
12 91 93
18 34 86
55 9 10
31 30 87
5 71 46
18 6 53
15 36 10
0 49 9
86 92 25
56 41 91
46 45 61
83 43 40
28 18 32
88 7 0
31 92 60
85 40 92
10 98 56
80 19 83
3 31 46
2 38 73
15 65 33
53 71 46
75 50 92
44 4 79
55 86 85
6 90 73
67 77 9
99 47 61
16 77 21
10 81 23
50 45 62
10 60 55
77 16 1
26 71 27
93 49 45
43 20 28
25 5 45
20 64 6
8 51 22
84 33 74
25 6 77
89 27 85
62 73 41
51 97 80
87 40 22
58 47 95
7 87 75
63 75 28
4 62 37
39 66 57
60 36 17
64 4 34
69 86 86
39 97 82
86 53 41
90 91 92
11 1 42
51 46 88
86 53 35
98 33 36
10 57 87
56 22 99
20 67 43
38 82 50
41 96 36
75 67 44
23 82 88
37 72 21
15 50 66
78 99 0
43 0 70
38 8 72
25 11 48
20 33 17
60 56 14
32 55 61
0 14 69
25 58 17
19 68 81
41 72 62
86 33 67
79 6 54
74 41 81
21 9 76
96 46 70
70 51 80
42 33 35
68 9 34
63 96 57
60 49 39
74 36 57
34 31 80
32 42 39
14 65 40
18 49 29
88 6 55
57 68 91
99 90 20
5 13 47
38 81 85
64 31 51
68 8 95
98 81 45
37 59 22
33 65 62
75 9 57
65 41 49
42 20 73
9 35 87
56 11 7
56 10 1
23 83 20
54 14 40
20 78 44
6 3 93
28 56 61
69 89 70
23 82 19
94 57 37
56 72 15
22 23 1
72 92 18
94 33 56
33 69 1
54 38 11
30 48 12
26 85 78
26 34 75
98 57 16
61 50 69
16 18 39
42 13 97
56 80 37
47 15 92
60 49 86
57 86 70
26 51 70
48 28 33
16 18 31
48 62 6
22 66 65
72 66 4
5 19 19
90 45 25
44 17 85
13 46 88
33 47 43
62 19 62
63 69 95
9 21 10
31 24 86
15 7 28
64 18 79
44 10 59
8 97 73
63 62 69
85 53 1
46 83 74
55 20 24
53 72 82
19 80 64
39 96 43
86 25 60
47 65 57
23 18 33
56 90 85
55 73 29
87 12 99
37 81 97
79 43 89
98 47 80
5 75 56
17 70 32
75 6 45
37 4 80
89 90 14
36 35 22
94 39 86
14 74 87
90 64 68
45 96 6
45 56 68
56 27 91
49 7 74
5 66 77
18 15 68
22 6 79
79 53 11
49 98 64
61 95 4
19 48 5
68 86 37
48 2 65
55 61 49
55 79 4
8 32 26
65 43 3
94 6 80
45 64 92
23 48 30
62 63 28
33 51 22
30 40 46
1 39 69
9 66 48
89 79 1
37 53 70
9 29 70
93 47 7
42 73 80
23 0 33
0 23 62
27 10 27
44 88 49
99 77 67
50 17 35
85 15 83
37 84 90
5 31 83
50 69 29
57 38 24
82 63 31
97 13 52
81 16 16
47 62 27
29 22 51
48 20 72
47 27 4
59 31 72
92 53 58
99 93 67
4 4 87
21 86 81
37 23 18
70 74 59
61 29 59
55 36 21
85 49 1
77 84 85
20 56 47
79 29 64
74 75 59
4 61 97
63 28 86
38 10 48
85 63 38
22 8 56
66 42 69
60 56 37
32 47 16
32 38 18
98 14 77
38 83 20
40 92 64
42 32 71
86 12 46
65 5 90
75 21 1
65 67 50
32 73 80
5 77 78
65 98 19
45 3 55
49 90 7
44 13 13
27 19 1
3 37 26
87 23 27
82 31 82
17 61 4
34 98 16
35 50 96
15 54 65
70 70 14
52 67 12
42 37 10
93 54 68
87 77 97
55 70 96
90 59 11
63 24 18
65 94 28
87 30 74
51 22 31
41 91 12
40 16 4
36 29 28
97 16 11
79 25 66
60 60 0
37 75 91
13 11 57
0 59 85
50 65 6
4 73 10
64 98 19
50 0 91
74 76 6
34 83 58
8 32 41
24 61 36
31 33 39
10 67 41
27 41 61
31 58 25
74 2 3
57 19 4
94 66 88
77 21 55
76 56 90
92 12 76
32 1 98
75 17 49
21 98 7
68 34 20
27 70 31
25 43 20
81 42 80
57 23 65
25 73 65
12 31 66
96 74 76
8 13 52
43 34 16
87 58 59
36 24 35
60 99 62
77 9 62
69 26 43
95 8 95
44 59 54
55 63 68
20 30 91
52 73 97
62 8 11
43 37 31
26 91 3
0 54 34
5 96 87
80 8 8
95 13 36
33 20 34
95 40 2
33 14 20
73 81 40
19 52 58
9 1 34
59 12 84
97 80 81
44 37 33
93 6 5
45 75 93
78 80 40
18 48 26
11 87 89
68 74 75
50 29 84
25 2 42
77 36 24
14 93 85
76 75 96
43 48 27
90 47 81
25 55 42
50 65 21
13 98 30
2 14 99
12 55 46
35 2 77
43 1 37
3 27 77
70 44 76
98 41 86
17 20 69
37 25 0
27 68 44
57 20 39
69 96 17
84 26 4
96 34 85
48 4 88
86 78 73
36 1 34
82 20 36
69 69 32
63 26 92
86 53 76
25 6 77
54 75 57
56 22 58
72 20 75
71 94 69
7 99 27
3 1 26
52 30 98
12 84 69
66 12 74
99 79 48
38 72 88
67 41 51
99 21 46
6 39 16
93 58 93
14 31 77
36 14 98
83 41 21
88 94 71
43 21 45
87 61 16
52 39 16
79 25 90
66 38 79
79 45 73
41 11 67
10 4 15
94 84 4
74 69 7
61 24 52
74 94 91
32 22 58
23 97 54
34 58 23
1 78 98
58 82 19
1 98 82
12 0 51
49 51 22
78 17 69
42 23 22
96 71 75
48 65 25
50 31 22
54 45 83
81 80 3
65 95 66
81 65 17
56 69 11
72 39 74
97 0 41
67 91 17
40 9 29
25 97 30
97 65 80
67 7 9
62 99 53
61 95 14
36 82 49
15 95 33
46 10 3
48 89 37
63 98 15
61 6 59
72 16 16
77 17 39
85 5 62
37 42 56
25 98 10
8 49 90
97 0 45
62 74 79
37 42 3
37 36 61
19 57 96
14 82 87
17 79 83
33 96 6
12 17 92
85 25 47
77 9 26
31 5 38
22 58 61
62 49 37
77 99 66
94 59 30
0 47 2
0 93 62
36 95 5
14 19 39
86 81 6
92 85 27
10 76 14
1 78 18
53 77 63
1 65 41
54 6 94
6 39 47
95 25 70
50 64 64
37 81 11
79 73 11
31 24 69
19 64 16
22 3 52
81 84 48
88 18 57
86 46 81
0 97 19
15 47 78
84 32 5
45 91 59
93 44 85
73 81 58
21 19 52
70 53 92
98 10 72
79 6 62
82 1 8
82 72 76
83 85 23
50 98 46
67 81 31
3 66 87
89 31 80
71 75 31
9 85 31
23 80 31
47 9 48
10 57 93
72 78 81
56 78 36
86 94 11
40 88 65
52 79 25
73 3 52
16 73 80
78 21 6
58 57 53
82 5 28
65 77 3
0 15 66
30 39 5
50 82 78
66 13 94
81 56 24
66 84 98
76 50 38
10 54 29
43 18 51
66 31 69
43 81 78
81 42 45
46 90 88
39 14 78
71 67 63
67 83 14
51 52 93
18 60 75
93 22 13
81 71 89
94 4 17
99 47 9
91 36 68
10 77 28
4 5 39
97 73 94
85 9 91
56 48 71
10 95 52
2 1 50
49 31 16
64 26 32
35 75 67
27 72 12
62 14 19
75 32 43
19 56 50
1 3 69
63 74 24
53 81 55
22 15 46
22 58 12
1 33 23
11 21 80
23 26 16
36 77 3
25 58 27
72 57 87
99 47 82
75 82 47
33 60 64
18 37 78
1 65 41
36 40 42
30 39 75
92 59 56
23 54 30
21 76 84
67 24 8
77 70 15
49 24 89
76 50 7
28 34 97
21 30 41
88 72 19
92 53 95
91 35 35
25 19 49
4 18 32
99 42 20
3 62 18
44 42 92
43 35 77
72 56 23
35 13 31
47 76 88
22 76 79
90 13 92
12 22 88
10 39 16
10 84 58
78 78 89
84 15 22
67 15 40
63 20 32
97 7 37
5 59 5
73 42 17
32 59 90
0 64 9
29 67 86
42 27 56
54 55 43
3 25 12
42 26 24
7 66 18
62 77 98
60 32 32
36 30 17
74 51 37
68 81 7
13 3 5
11 99 44
89 81 24
36 28 89
39 18 52
28 4 83
96 11 76
42 16 23
80 86 37
0 72 26
8 33 69
85 20 73
67 1 75
65 58 91
74 58 37
3 43 84
22 80 74
53 59 57
68 92 95
50 95 72
21 42 2
93 26 16
48 71 51
82 73 75
18 65 34
88 22 54
45 28 62
33 55 63
2 74 69
60 39 80
43 26 1
15 39 66
54 31 5
99 68 20
75 22 97
12 11 66
60 30 43
12 21 53
55 85 19
20 98 3
47 8 19
17 50 47
36 41 91
54 24 22
58 69 5
52 67 86
95 15 29
30 42 60
73 12 95
84 42 19
8 91 23
12 93 48
79 84 52
21 53 49
61 79 77
56 96 68
21 73 98
63 23 29
4 15 4
66 14 11
77 56 24
30 97 63
86 62 54
34 49 28
61 59 81
49 83 95
97 29 81
27 74 27
27 5 37
2 53 54
92 97 39
3 66 92
50 14 94
29 31 99
69 55 87
80 80 51
15 74 21
58 74 33
6 30 48
17 69 60
41 52 47
54 80 95
33 48 28
78 77 72
61 7 26
45 51 77
25 61 24
2 43 32
55 66 54
17 39 89
13 51 73
59 85 89
47 45 6
65 50 58
15 6 46
53 29 12
98 66 38
30 28 59
95 96 29
75 11 81
33 16 83
32 24 32
6 77 7
95 77 31
67 61 44
14 34 16
59 74 42
64 79 48
54 56 57
62 28 81
84 19 42
94 9 63
84 13 88
86 7 18
62 25 54
40 84 95
11 16 14
1 83 29
19 97 45
86 89 94
22 75 73
40 54 39
63 86 22
25 28 83
56 71 71
26 45 78
20 28 97
21 39 42
60 97 75
3 21 61
21 15 29
27 46 94
24 1 0
10 54 53
27 40 57
91 99 6
59 47 91
59 4 44
65 15 19
41 33 6
24 26 74
71 83 46
19 20 77
81 47 96
24 80 2
54 45 6
59 87 88
37 91 1
76 87 95
34 91 39
82 1 14
63 41 37
55 13 0
33 14 4
58 21 90
62 16 31
31 0 66
94 84 25
18 14 6
36 46 27
4 91 81
22 51 27
39 86 87
11 84 45
64 55 22
62 57 54
66 49 68
23 49 41
60 51 12
49 25 63
42 45 35
18 25 64
79 35 65
29 32 6
19 26 19
63 45 29
45 44 20
73 23 32
99 92 15
95 30 36
61 63 87
91 54 1
10 87 17
46 17 55
84 56 41
73 15 5
68 47 92
58 70 3
52 79 22
9 16 56
96 9 88
77 73 38
30 92 98
18 80 59
47 0 59
53 4 28
55 88 25
55 11 67
32 31 33
92 68 56
21 53 27
29 32 72
51 12 39
28 28 60
39 13 80
92 26 82
2 54 87
20 20 15
32 9 19
32 27 18
40 80 85
78 25 26
99 4 59
4 73 0
38 49 86
48 68 29
54 25 48
34 77 90
24 12 55
98 47 30
76 83 45
15 76 19
63 75 92
73 14 91
19 93 46
9 34 32
61 86 95
55 71 75
34 47 75
42 78 14
25 57 18
60 62 35
79 39 81
63 79 79
98 88 76
17 80 22
49 26 53
81 83 30
1 81 65
50 24 61
22 43 96
63 1 36
11 26 17
40 35 84
2 9 47
42 37 47
76 39 79
98 6 3
19 48 81
49 52 2
31 43 71
15 88 9
97 50 62
52 85 23
71 55 83
68 41 35
38 7 68
18 83 88
86 20 72
96 6 12
42 96 52
86 40 2
62 9 77
60 39 72
72 46 71
11 78 44
12 48 64
71 76 76
93 26 22
48 82 80
21 31 71
31 14 29
57 67 86
77 90 66
54 51 72
10 11 68
74 94 49
18 90 54
15 70 95
33 28 11
98 14 35
54 65 91
99 80 10
12 24 90
75 57 6
6 74 95
14 71 64
50 30 26
54 32 36
89 87 68
27 31 87
20 71 2
65 32 54
91 11 92
81 45 26
88 43 45
61 52 7
62 61 71
70 86 68
55 93 20
9 11 8
91 45 52
3 19 36
82 89 50
58 49 82
75 32 13
1 94 20
12 24 85
96 19 77
63 84 38
73 28 13
44 39 6
67 33 80
98 48 56
97 62 37
39 26 89
3 22 12
12 47 2
46 12 50
56 37 10
6 83 26
77 49 87
66 99 62
26 59 20
50 93 70
21 54 35
96 80 88
78 60 54
16 41 46
58 49 73
53 65 35
79 10 73
78 92 14
84 14 61
2 79 46
55 78 99
45 11 82
49 93 67
26 4 9
94 5 60
15 53 36
53 28 86
98 41 89
56 55 2
4 37 79
29 51 74
67 84 45
23 49 44
90 38 79
15 42 52
11 13 9
59 13 0
93 29 60
16 46 42
55 38 65
86 71 80
58 84 32
35 42 10
42 92 32
13 54 66
31 3 18
35 59 37
96 52 46
5 81 85
44 96 67
27 42 97
71 64 46
92 23 61
20 79 40
96 76 56
15 90 87
52 65 65
87 32 63
24 72 20
79 41 75
73 71 59
40 25 14
76 15 57
21 68 96
78 66 23
2 10 68
92 57 3
95 55 16
89 21 42
48 93 65
30 43 52
4 47 74
25 6 93
96 82 20
31 47 32
43 61 92
72 18 20
66 12 51
7 96 81
24 22 48
93 32 75
1 35 49
62 38 32
7 52 10
68 39 22
70 55 12
2 40 47
84 66 23
40 26 4
17 23 19
54 85 29
20 65 90
64 23 95
86 57 7
68 84 91
81 3 10
65 99 94
16 87 67
49 76 64
7 53 90
73 75 16
63 86 44
55 32 26
30 63 27
15 43 37
50 48 9
76 50 17
98 20 98
9 38 59
25 72 32
80 80 18
11 45 10
59 84 6
18 3 77
74 32 15
46 15 51
64 14 40
91 51 65
12 12 83
10 99 4
44 3 1
19 84 99
79 18 60
78 7 24
95 77 54
72 30 3
21 23 99
81 30 71
7 39 91
3 76 99
64 19 2
58 22 97
15 61 35
20 45 6
72 88 82
67 95 80
80 49 3
35 43 39
66 32 67
24 24 93
62 69 70
11 73 19
87 57 22
22 1 20
31 78 96
1 60 85
38 82 67
85 94 32
49 96 27
94 67 53
24 18 65
70 41 11
89 28 89
58 74 6
85 97 42
23 21 62
14 78 31
40 87 20
67 45 60
39 23 87
62 76 81
10 85 12
46 29 19
98 63 26
69 13 32
86 6 19
61 51 11
90 16 73
54 65 24
29 64 51
38 8 88
73 57 5
59 91 94
50 81 16
93 90 89
86 29 43
58 31 83
22 95 6
23 81 53
58 63 37
74 14 4
5 74 3
42 17 71
1 67 24
83 62 9
25 49 18
4 99 96
74 34 0
47 16 84
49 18 31
66 69 4
70 55 59
36 75 18
75 78 60
59 28 61
59 20 86
20 77 6
62 25 82
94 50 43
27 92 0
99 43 49
26 1 9
67 28 52
95 97 63
67 54 22
58 56 93
53 55 84
44 20 40
21 83 7
53 73 40
73 50 0
62 42 8
89 36 95
61 14 30
51 24 15
35 8 18
67 31 48
93 8 7
7 35 47
76 28 15
70 14 45
48 12 9
30 88 35
53 85 97
63 75 75
61 4 54
14 29 76
41 76 47
52 27 4
85 17 45
31 56 43
72 18 1
65 31 25
74 64 38
10 12 39
61 37 12
72 44 41
17 87 2
10 41 6
78 47 50
90 89 50
34 47 71
19 55 73
59 51 16
35 82 13
5 89 29
13 54 61
58 2 6
76 87 54
29 21 49
67 17 19
61 96 51
34 89 5
38 23 78
3 85 72
65 75 49
93 42 3
65 56 27
55 95 64
46 95 47
4 1 68
5 59 33
68 2 67
41 19 98
66 5 95
19 54 12
16 73 61
51 70 50
43 80 42
58 36 58
51 73 32
13 20 17
93 9 46
94 51 6
62 46 45
97 45 16
72 84 81
8 21 44
48 93 30
1 6 89
65 42 71
50 94 63
14 27 2
75 69 50
42 6 29
7 98 65
2 53 76
68 89 36
52 44 63
61 27 2
78 72 68
37 38 8
22 71 32
47 19 12
87 11 27
4 98 85
8 30 74
88 35 56
61 4 2
73 9 17
31 84 50
55 15 67
16 35 81
71 87 25
95 25 16
28 45 5
18 53 3
71 73 5
57 29 37
50 38 56
94 19 30
25 2 24
71 67 58
24 7 15
23 10 40
29 48 68
9 86 33
41 28 85
79 13 2
59 85 25
88 96 35
95 71 23
30 62 75
26 96 15
21 3 0
43 2 13
30 12 1
85 59 7
4 99 33
68 75 93
19 32 44
39 92 40
54 68 1
14 3 74
34 21 64
3 14 76
55 93 99
20 27 44
61 58 68
7 78 63
98 89 76
69 17 46
90 10 45
73 51 35
72 57 14
40 92 60
95 22 9
61 82 41
31 0 50
63 4 31
19 38 32
80 20 96
86 69 42
29 49 67
45 11 30
42 39 3
71 8 79
30 56 65
2 19 28
57 99 99
84 78 66
42 59 81
55 57 40
41 43 47
49 87 33
19 63 2
62 79 30
10 15 40
63 2 18
14 86 21
53 98 89
24 57 55
18 34 91
47 71 88
72 1 57
82 9 45
62 34 30
74 4 55
95 2 30
33 87 79
41 8 6
24 47 62
87 72 65
27 53 8
43 93 80
68 83 1
6 40 84
18 26 75
57 62 33
25 79 93
20 25 40
73 83 38
20 16 74
66 22 2
43 88 74
75 98 90
30 5 8
55 54 86
29 77 57
64 41 1
55 19 55
34 33 36
75 35 56
15 17 34
65 32 64
74 51 74
21 94 76
35 19 44
53 59 63
23 39 21
39 51 12
91 16 37
23 14 79
23 60 24
92 69 48
92 41 50
37 59 43
23 18 34
40 39 93
30 73 29
51 65 68
63 53 7
98 67 78
12 38 92
76 51 85
81 46 98
3 30 6
7 14 39
18 66 76
62 97 84
34 66 61
38 50 37
0 51 95
53 43 33
32 70 11
13 85 9
29 69 86
35 65 0
96 36 57
8 89 78
5 0 55
90 84 73
84 35 98
12 56 93
56 3 13
80 59 86
5 29 79
37 35 70
11 4 44
98 20 62
80 63 13
8 61 87
62 21 67
99 63 91
8 73 83
1 90 10
11 85 41
13 54 64
53 77 21
51 94 92
56 73 20
35 34 7
14 9 13
94 57 40
57 4 3
6 59 44
33 31 17
74 70 18
41 35 0
70 2 97
97 83 96
47 36 35
14 72 28
39 27 21
65 52 71
6 29 14
85 49 34
88 25 38
89 9 11
15 6 91
52 1 19
27 19 43
84 55 91
79 78 62
50 53 84
98 84 52
28 13 73
33 11 21
4 74 48
80 98 87
96 23 60
34 97 65
80 74 52
29 82 96
63 7 36
40 72 38
39 85 12
10 75 84
11 67 69
67 69 31
35 49 6
81 41 60
52 86 36
79 56 94
87 45 58
82 50 67
43 56 69
54 50 0
7 27 86
76 54 72
76 68 86
21 85 1
25 59 20
40 64 15
4 3 7
12 97 72
38 41 28
34 95 49
42 37 24
16 90 86
11 6 82
16 45 1
2 10 34
45 89 47
20 54 34
59 27 7
34 24 54
77 77 17
38 9 86
27 93 20
36 31 82
22 90 28
14 2 20
78 57 44
42 98 9
64 78 95
77 76 54
68 7 9
44 50 27
4 3 91
8 41 90
3 76 60
24 66 1
81 26 74
14 9 6
23 49 60
80 16 39
40 17 24
0 6 85
77 17 97
72 7 26
86 96 71
72 89 86
19 67 94
71 15 88
2 33 85
90 17 87
21 91 72
65 98 62
57 8 8
84 11 93
46 53 32
26 98 68
13 76 98
71 91 45
28 41 43
89 3 20
13 40 59
60 65 4
47 81 55
82 31 90
65 76 75
39 67 38
64 28 3
94 75 36
69 1 21
32 68 21
77 59 21
46 72 17
29 35 35
74 51 65
35 90 9
24 31 72
22 18 48
80 3 10
41 5 19
26 43 23
79 5 57
22 35 8
11 80 85
56 4 10
86 82 93
10 30 44
16 81 51
96 15 17
2 47 73
18 79 79
18 93 66
22 14 99
88 31 59
11 38 45
73 58 64
67 7 62
22 99 23
44 21 35
75 42 34
9 75 65
65 12 46
99 7 77
63 50 83
82 90 24
85 93 50
88 32 11
73 64 19
11 65 50
76 23 86
17 7 38
89 43 18
24 5 15
16 15 0
75 97 45
66 80 60
88 98 23
1 38 98
26 55 18
67 17 5
31 93 95
41 71 21
33 93 27
0 11 97
26 25 82
15 91 50
3 91 19
54 20 14
60 53 74
91 61 8
48 98 70
59 36 75
68 11 89
0 47 10
87 91 85
71 88 77
92 48 73
1 73 35
69 21 9
33 51 90
52 59 78
40 45 85
91 81 75
15 93 42
87 52 52
60 21 11
46 3 62
68 54 3
97 98 37
9 18 78
72 0 32
31 29 3
48 67 98
34 11 90
5 34 50
17 7 73
78 67 78
58 25 32
1 33 19
24 39 11
17 54 82
83 97 5
3 3 98
86 36 61
48 5 50
0 4 43
26 12 58
26 91 18
31 2 71
69 17 1
85 40 30
85 10 52
80 50 38
56 45 14
18 65 75
33 97 72
58 24 7
45 26 80
2 55 95
45 1 72
5 45 10
92 32 1
8 65 7
29 15 1
52 84 86
48 59 5
33 58 90
59 25 71
64 49 69
43 6 9
47 91 60
61 84 54
67 73 5
31 6 56
51 49 90
8 77 88
45 51 52
58 2 32
78 63 23
96 88 65
54 27 93
30 78 51
56 48 89
75 83 69
54 99 67
44 48 42
42 33 98
39 23 90
62 72 49
18 19 3
28 10 29
74 97 32
73 58 63
37 69 57
13 67 99
86 98 67
19 71 97
3 13 21
87 52 65
14 25 11
92 32 86
52 65 97
36 33 51
48 78 60
81 67 32
56 67 92
91 50 8
54 56 77
11 87 78
59 49 76
32 18 13
0 33 90
40 45 81
88 1 61
8 60 59
41 59 15
62 96 41
28 45 46
89 86 75
8 57 65
94 98 31
51 27 59
34 5 74
45 90 79
14 10 67
39 73 13
70 30 90
73 72 15
86 87 82
96 49 93
46 95 24
87 29 72
96 7 67
92 61 71
12 7 97
44 10 1
62 32 93
72 21 95
72 97 66
52 35 66
48 36 75
78 29 9
60 9 7
77 78 40
27 80 61
51 8 31
18 94 9
78 91 64
62 49 99
95 43 89
33 39 66
67 97 92
14 58 31
38 39 34
9 47 92
72 62 41
4 44 13
31 22 93
12 54 41
41 7 93
89 0 81
0 76 93
66 62 15
7 88 53
77 80 26
41 91 30
85 2 8
42 28 60
57 83 61
9 7 64
58 82 48
61 94 70
32 70 58
31 34 39
5 62 92
17 27 94
57 30 82
98 85 21
72 48 81
46 85 20
69 44 67
23 7 12
20 70 96
12 7 95
22 30 65
98 9 82
18 78 81
32 89 68
15 16 33
97 46 73
14 36 36
4 84 94
85 50 45
11 38 43
73 87 40
90 93 22
18 40 46
68 4 9
54 4 89
78 38 84
64 42 36
49 51 67
84 2 95
59 89 0
46 97 21
62 64 58
73 23 18
48 37 86
41 43 74
62 19 65
79 91 11
66 9 92
18 49 26
52 22 10
49 57 61
19 78 68
98 10 51
81 74 63
71 54 40
34 46 71
7 31 34
52 41 61
12 77 21
73 93 37
73 35 4
43 9 27
88 52 52
74 97 20
82 81 31
24 18 16
35 12 82
7 86 1
7 74 80
39 36 81
5 0 3
34 31 77
85 34 75
70 10 9
26 49 87
53 62 40
44 37 60
91 40 97
62 17 36
86 46 3
28 2 82
87 88 10
4 48 54
61 27 34
11 55 1
89 93 7
84 78 3
74 20 8
9 20 50
93 70 5
65 34 51
48 70 73
54 26 36
8 80 10
1 10 75
49 62 16
10 33 45
21 69 40
76 88 0
65 73 58
51 75 71
10 91 98
33 84 99
21 34 18
96 44 1
90 69 28
68 58 24
70 45 0
28 8 82
1 55 74
72 49 64
42 40 63
70 55 5
54 77 19
99 79 21
25 52 62
88 58 62
12 5 49
66 46 5
6 41 54
39 35 64
58 74 58
66 70 75
17 73 48
15 35 64
7 56 38
55 65 55
10 0 47
70 18 37
55 8 99
27 24 56
24 24 36
6 66 6
45 16 26
61 48 23
23 55 85
81 69 59
19 83 67
61 8 33
23 81 3
61 41 66
88 9 30
25 59 72
75 76 44
21 46 48
54 96 32
27 49 97
53 31 17
32 55 26
50 69 8
10 30 15
13 12 94
76 53 12
74 72 82
11 91 10
35 98 57
88 81 49
28 53 95
60 29 6
15 70 66
72 76 96
55 95 40
4 71 76
74 64 23
45 19 10
22 94 38
82 32 66
14 28 99
78 48 45
25 57 82
78 58 51
88 25 93
57 90 49
4 38 52
42 96 94
96 99 92
95 86 75
78 37 74
90 45 84
82 23 37
70 86 11
49 54 0
54 14 50
20 44 84
40 52 41
61 94 5
0 22 14
56 96 42
16 44 61
20 82 35
45 92 30
23 26 62
51 58 34
35 66 78
90 43 58
97 74 44
0 83 86
31 31 39
37 19 3
30 89 4
59 77 92
43 19 28
61 72 18
14 65 9
44 90 27
92 48 25
6 56 60
51 31 17
5 13 9
55 26 30
75 65 35
0 2 80
99 46 62
88 16 55
19 83 76
82 1 70
60 78 34
7 35 93
27 55 80
78 67 8
24 48 65
3 85 24
55 51 17
43 84 43
32 48 14
50 63 18
11 66 86
41 18 66
1 75 31
41 44 45
54 33 87
30 1 5
73 87 77
39 24 64
75 85 22
60 44 73
33 9 33
25 50 25
23 23 31
81 69 14
32 10 86
81 37 51
94 92 27
63 96 57
99 95 80
82 37 52
94 48 0
29 68 80
57 75 45
33 2 26
11 59 79
12 77 77
27 81 77
44 93 83
97 75 65
53 40 29
10 99 23
85 61 12
14 18 60
16 24 26
61 46 62
72 1 99
21 43 9
55 72 34
68 16 21
25 56 90
86 25 81
46 74 37
7 10 19
6 74 4
9 18 19
17 67 61
23 76 10
44 64 65
15 69 40
7 39 38
5 29 87
37 76 95
78 50 20
5 67 56
88 52 84
61 78 41
64 78 49
81 92 37
78 96 52
53 9 55
69 55 90
73 81 42
5 85 49
52 31 98
77 63 84
59 62 98
87 18 60
28 95 24
38 61 90
50 48 31
99 37 51
74 14 21
24 89 25
95 16 26
39 14 1
95 69 72
24 94 80
39 3 27
67 12 81
61 98 79
51 22 8
88 33 53
25 70 88
85 58 41
47 97 56
51 59 93
13 14 59
23 71 70
88 35 72
59 40 39
85 76 39
37 74 11
69 17 95
57 8 45
98 31 91
18 53 91
93 70 2
59 58 20
50 64 74
6 17 21
73 76 62
78 81 52
88 18 71
33 78 6
5 48 75
26 17 30
86 78 50
51 27 57
29 98 1
10 0 40
66 26 98
7 90 51
68 1 86
55 38 16
46 5 64
95 85 78
82 48 56
73 74 7
59 18 75
46 58 2
90 47 7
42 88 51
68 6 84
0 81 51
93 19 1
59 64 14
17 89 1
48 67 62
76 1 45
77 69 9
38 81 92
45 58 78
91 77 46
66 89 63
65 22 9
75 74 97
88 1 91
94 39 55
6 95 44
18 10 78
16 62 70
12 38 57
91 8 77
0 80 34
30 93 72
19 99 90
70 14 79
50 2 65
21 24 43
44 12 56
43 65 59
67 20 83
41 64 82
0 33 79
90 1 0
82 5 60
20 66 91
20 77 78
8 93 74
97 62 98
52 86 81
7 51 95
11 28 64
48 95 16
77 17 89
18 61 36
58 87 3
45 18 13
14 30 67
79 79 8
94 37 67
22 8 96
54 48 35
84 18 91
90 51 50
9 19 58
63 28 36
67 84 79
88 89 42
38 51 18
57 12 18
67 50 64
89 81 77
37 80 50
76 25 75
0 24 25
70 48 51
89 67 40
37 57 40
78 37 73
1 1 79
6 55 1
61 92 72
21 42 5
99 56 90
73 99 16
40 4 20
51 25 22
56 80 98
13 55 75
82 45 5
62 15 47
40 18 37
54 2 29
52 96 70
57 27 37
33 7 15
17 87 61
24 52 47
62 63 73
30 42 0
25 87 40
87 84 80
6 48 32
99 19 58
62 91 51
98 60 96
78 36 97
17 31 65
72 47 79
51 70 91
1 22 47
56 21 65
55 67 87
44 2 91
7 99 50
32 36 33
80 90 64
71 39 17
8 35 25
5 3 69
79 98 22
0 75 39
70 86 57
90 87 74
83 79 20
5 57 86
16 85 73
39 95 47
83 58 79
67 61 7
44 55 54
71 45 51
13 48 89
97 15 18
52 94 28
39 78 13
22 80 96
10 27 80
63 8 6
12 36 22
77 5 49
33 95 83
4 75 40
12 57 90
53 73 35
30 67 42
25 15 70
74 79 35
17 12 95
91 41 64
82 70 52
72 7 37
63 97 10
54 71 87
99 76 72
97 93 56
3 28 35
68 38 28
90 42 77
97 20 47
52 95 70
24 97 61
47 26 53
23 38 88
91 8 30
10 75 1
8 16 11
72 60 70
83 40 61
15 91 47
59 43 52
38 67 23
21 72 41
66 30 95
87 32 4
74 60 18
19 66 9
28 28 16
47 85 23
24 40 74
19 37 51
28 41 49
76 22 25
10 89 27
97 29 17
89 50 99
0 31 70
25 15 63
59 27 59
49 11 99
50 60 49
89 22 9
41 74 4
21 0 46
21 17 64
87 40 61
65 84 34
61 44 73
1 30 20
9 16 57
75 91 73
85 46 41
74 43 35
17 56 86
16 18 78
65 1 61
43 22 12
64 77 63
2 9 27
75 67 27
73 45 9
5 45 62
66 41 57
52 41 47
55 4 24
5 71 39
32 78 5
46 22 54
64 18 78
21 68 75
98 58 96
41 58 62
23 82 55
37 14 96
4 69 32
53 83 33
23 32 17
5 40 26
27 45 92
62 5 91
95 42 25
82 5 48
60 52 12
92 38 13
5 9 87
42 2 75
27 83 51
87 64 22
17 83 70
20 69 64
2 72 14
75 64 78
77 23 65
61 76 49
59 76 13
51 13 87
33 16 91
36 22 2
53 27 79
56 32 39
36 28 2
97 37 55
61 84 23
44 5 61
21 47 44
17 35 17
73 94 47
45 10 28
73 86 49
90 43 75
19 80 21
59 33 56
75 68 61
83 51 9
34 82 32
29 63 8
17 1 8
96 89 50
88 34 91
73 34 18
55 77 11
15 47 15
40 25 41
5 63 59
29 16 82
20 24 96
89 94 1
60 36 25
96 81 46
97 49 55
84 63 38
79 32 99
80 17 89
9 51 2
58 16 78
36 94 29
61 18 16
67 86 30
79 76 55
64 0 53
0 3 70
54 56 46
23 4 33
91 75 79
39 36 20
94 87 27
65 96 11
68 13 25
19 63 25
58 76 28
84 17 72
29 85 69
82 92 90
5 87 21
94 39 84
46 77 64
56 88 83
98 10 10
31 55 24
93 66 90
45 64 38
89 41 20
70 15 49
15 52 80
18 23 43
68 24 19
91 69 69
26 18 81
32 67 71
12 46 36
46 14 96
29 82 51
74 21 66
59 4 21
61 16 50
68 98 47
51 36 82
71 67 82
94 79 66
48 4 4
63 64 24
37 60 98
54 36 74
80 99 25
37 52 67
23 90 87
45 96 14
93 14 18
38 50 91
82 91 9
7 52 87
95 68 53
20 58 79
22 89 43
32 3 69
1 23 64
72 27 82
88 88 1
62 11 21
55 93 38
49 84 33
66 76 87
18 3 48
48 71 85
68 88 52
70 22 29
68 4 17
93 15 61
89 77 93
99 32 74
54 9 71
76 11 83
57 62 49
55 66 30
71 90 61
2 54 42
30 25 0
93 30 36
53 86 44
2 87 45
99 17 76
93 33 89
54 7 69
77 2 49
87 7 34
38 89 6
67 25 16
94 27 91
13 60 2
12 29 2
17 14 10
5 16 67
88 6 59
96 63 92
82 80 4
35 90 16
17 49 77
90 57 19
15 73 62
78 92 23
64 93 13
1 89 12
71 53 98
9 69 13
80 33 75
86 29 1
5 33 87
96 37 79
29 66 42
45 20 61
93 20 12
1 77 51
2 11 25
57 91 2
86 16 88
25 84 57
44 13 56
78 23 76
69 22 23
79 79 97
5 36 85
46 42 96
16 32 9
69 60 47
60 6 58
59 94 96
11 36 71
96 19 39
17 29 63
27 81 26
63 50 40
53 96 21
70 31 91
11 50 31
64 93 80
10 79 99
17 59 56
63 42 69
51 80 71
75 27 88
54 54 71
38 21 9
10 4 95
72 23 69
75 35 85
69 35 18
54 67 38
2 47 1
35 26 96
1 8 30
98 94 0
51 61 15
66 43 33
89 52 35
94 71 43
11 87 15
9 62 8
27 89 48
81 3 46
49 61 67
81 73 7
59 47 46
53 37 13
53 98 77
5 4 88
80 68 2
11 57 55
84 24 33
33 63 93
8 85 43
47 41 20
16 2 26
17 89 57
50 7 19
7 95 43
90 75 51
15 95 76
57 50 87
17 48 63
2 53 58
84 65 19
63 42 17
84 71 73
63 24 14
27 91 75
86 16 67
59 2 57
73 34 23
46 30 58
22 99 76
20 48 74
44 10 38
41 73 93
89 53 5
52 93 75
34 19 45
20 94 87
26 45 22
6 47 85
86 26 86
93 34 36
43 4 42
16 59 55
87 5 79
94 96 37
64 96 99
45 93 52
10 79 20
80 46 98
91 90 37
38 3 29
38 32 11
4 68 50
80 51 39
77 59 45
77 68 53
1 77 52
13 93 3
0 77 52
44 28 33
50 39 49
7 40 10
37 38 80
61 96 2
35 79 27
9 34 55
4 15 12
8 88 20
89 56 37
42 8 74
15 37 3
40 94 25
98 29 99
50 48 84
54 77 89
33 30 59
21 64 96
44 51 64
49 6 0
78 59 59
55 68 80
0 51 1
30 85 74
96 94 23
22 94 34
44 76 74
0 37 82
23 92 64
49 27 79
12 37 91
79 60 22
88 99 42
58 43 66
49 60 11
32 26 6
33 21 4
89 18 46
74 69 7
17 35 96
66 59 46
74 24 3
77 27 94
81 99 85
73 76 68
10 90 25
6 78 60
14 92 20
38 51 23
16 12 70
74 79 68
87 32 84
99 98 96
51 91 97
66 62 49
28 7 27
73 5 49
9 97 77
70 24 81
28 78 75
36 0 62
58 57 36
14 11 96
3 1 27
44 30 75
24 67 81
14 77 89
7 77 81
27 79 20
76 60 87
68 82 15
45 36 36
32 14 50
54 56 47
76 17 47
18 71 66
89 59 60
34 54 64
17 22 29
34 75 85
70 12 5
56 61 19
97 31 56
32 5 80
83 68 38
86 17 27
5 85 20
91 23 68
72 78 80
27 33 33
77 85 99
36 31 36
98 59 71
11 83 88
44 17 23
13 57 79
42 69 99
94 12 82
72 27 7
4 23 56
61 30 11
11 16 37
36 73 55
52 79 58
43 76 92
23 32 54
73 67 1
46 80 43
89 41 84
56 28 56
96 13 21
86 31 87
78 6 27
89 61 68
57 63 97
83 40 93
18 12 49
82 14 75
25 9 45
62 40 56
85 16 39
79 16 10
8 76 14
55 15 20
47 18 53
19 18 50
31 19 76
60 86 29
10 91 61
20 61 44
16 96 93
4 71 89
3 33 61
89 29 61
82 71 25
57 74 8
45 3 54
47 43 75
27 90 78
95 78 49
99 70 42
74 8 45
37 1 72
19 68 65
94 75 41
95 59 76
6 84 99
63 13 4
22 69 84
3 22 30
93 72 39
26 67 74
85 59 83
28 38 44
4 16 46
76 20 64
72 51 8
39 62 50
27 27 71
14 45 92
49 57 67
40 7 48
50 34 35
34 6 66
78 89 95
30 84 23
91 22 80
94 4 84
23 71 92
32 34 59
57 57 67
65 78 56
7 74 3
28 98 98
4 69 33
63 3 0
52 9 33
83 16 67
86 71 51
29 7 23
26 84 94
91 8 37
49 99 32
40 3 64
24 41 91
93 38 67
38 69 80
65 69 87
50 77 61
47 28 4
35 51 62
64 54 93
54 63 16
8 19 79
75 43 73
7 27 72
48 84 31
64 39 4
62 58 42
67 94 13
59 76 35
14 83 70
43 78 18
31 3 96
38 17 55
37 26 26
8 54 43
35 66 51
45 77 74
91 65 23
44 73 30
24 3 89
22 26 29
67 62 9
42 7 31
9 81 91
57 86 9
79 64 48
53 16 71
78 96 71
84 73 66
89 87 38
88 85 48
36 16 87
25 63 25
17 56 43
30 4 70
71 47 43
69 19 76
78 56 14
3 50 18
12 70 5
86 53 40
17 11 84
24 98 42
89 30 22
93 60 66
51 66 83
24 42 31
63 50 51
50 45 75
11 94 58
15 49 79
27 55 95
86 49 55
78 60 81
85 81 91
22 69 57
3 42 43
12 89 30
48 98 66
31 83 97
94 59 30
2 74 65
24 63 36
29 17 39
62 99 69
5 92 44
70 1 53
53 44 28
40 97 97
12 70 95
85 16 20
63 1 27
43 99 31
60 32 16
75 85 40
70 89 97
91 5 56
4 72 15
9 45 25
86 87 2
95 57 34
47 89 42
64 74 46
54 0 92
99 41 13
87 66 51
96 53 24
79 88 98
26 46 31
56 45 27
27 8 19
95 53 11
6 42 39
44 62 59
29 2 25
92 53 74
76 82 12
76 64 6
33 67 96
82 41 21
40 40 78
53 31 80
2 76 39
2 24 86
62 86 96
36 22 88
77 34 91
81 37 18
76 25 29
7 35 31
5 76 91
15 30 61
19 60 95
47 5 36
46 45 97
33 74 37
63 21 69
85 44 39
18 11 7
59 75 64
36 17 48
78 77 40
63 83 98
18 58 17
89 60 52
61 61 92
13 7 37
28 73 24
62 20 63
15 81 94
45 53 40
60 37 10
88 28 62
62 99 22
24 19 82
6 66 98
12 2 98
31 93 19
80 19 55
70 9 66
42 53 58
45 15 35
85 25 8
50 73 42
26 28 34
89 49 95
28 10 10
42 60 85
33 41 27
77 94 0
24 64 22
22 72 12
8 61 87
87 73 67
53 4 48
56 3 51
85 98 34
67 78 13
69 48 71
70 37 3
57 58 21
40 9 71
94 58 26
91 88 24
7 8 14
79 54 92
84 97 57
98 21 48
63 90 70
47 85 5
73 41 13
89 22 7
20 45 1
14 66 15
61 51 10
62 67 5
80 74 3
39 35 41
6 82 63
58 81 50
57 86 45
60 81 22
59 5 60
33 95 73
15 66 62
87 65 78
22 53 36
84 65 55
93 77 93
20 93 61
96 39 56
95 48 49
89 99 76
51 25 47
84 81 43
20 31 70
95 80 34
6 58 1
50 97 6
29 97 50
10 58 99
48 78 43
89 97 88
28 84 47
63 51 10
0 24 46
33 88 33
44 72 98
83 73 20
90 12 12
22 87 34
58 13 92
7 8 10
80 46 95
84 11 98
49 69 24
11 53 91
2 2 35
13 89 8
41 90 38
2 51 97
32 16 64
90 13 29
52 90 56
70 85 78
6 55 62
91 95 93
4 79 77
0 41 54
85 74 17
32 39 39
60 89 40
28 75 34
48 39 86
89 0 1
14 5 24
52 32 49
6 47 32
65 32 54
28 4 75
32 10 51
79 84 15
30 32 16
21 47 48
66 59 8
8 23 3
4 13 47
25 60 49
59 91 15
89 9 62
60 67 84
99 78 41
58 9 53
0 25 89
31 5 54
49 42 19
60 6 43
66 55 65
91 96 45
17 25 27
16 99 54
70 10 48
52 63 5
3 90 26
35 89 18
60 58 27
33 84 21
59 82 68
11 67 26
88 51 37
4 14 14
82 49 97
82 52 29
86 91 70
3 75 40
16 3 34
81 43 71
14 99 36
94 46 73
20 33 8
61 90 77
94 7 81
71 15 44
21 68 63
82 68 25
84 87 39
10 47 49
17 57 79
19 28 37
79 33 64
78 63 70
62 77 58
64 18 86
72 22 17
16 44 19
5 81 61
16 65 31
59 83 10
79 71 85
94 76 34
57 56 66
24 68 42
86 69 43
1 59 89
38 19 77
76 31 53
33 39 35
84 29 84
62 12 14
93 51 75
12 14 72
99 17 52
56 5 33
56 66 86
55 98 58
0 67 1
7 27 98
73 16 3
45 45 96
42 94 14
66 21 87
90 81 85
43 47 16
81 93 97
27 51 85
67 12 74
4 92 80
5 84 92
28 22 55
69 18 64
54 48 2
57 60 84
88 74 1
85 83 96
64 1 47
2 38 89
90 35 34
22 70 92
73 50 41
10 39 48
18 43 57
5 10 34
85 56 40
34 6 48
25 60 14
76 4 51
84 53 52
93 5 7
91 1 48
50 27 31
98 90 51
93 37 87
69 62 67
56 49 32
7 76 15
36 39 91
97 62 84
57 47 79
78 75 52
57 15 38
48 51 42
62 28 12
92 92 31
27 3 93
54 22 35
56 94 35
28 82 23
36 44 80
27 19 9
6 16 59
33 51 64
91 38 4
89 91 97
97 75 14
79 55 27
75 41 31
14 40 8
69 81 71
70 74 27
75 47 79
23 1 28
62 72 91
38 72 6
60 26 45
39 59 21
54 45 10
72 8 62
39 80 70
88 71 34
1 73 3
49 88 76
73 45 96
95 17 33
83 99 46
3 7 43
20 0 63
18 10 52
18 17 82
72 92 82
46 28 61
51 59 74
4 12 23
80 21 53
0 26 38
1 76 95
92 72 52
18 16 56
69 77 63
22 32 32
17 82 91
96 77 45
77 99 76
35 82 75
16 25 68
13 67 68
54 62 95
14 31 2
84 58 27
76 46 67
3 84 84
10 49 15
85 68 8
69 84 15
20 18 63
37 13 86
74 31 6
96 96 79
23 43 64
97 35 99
53 86 94
84 16 31
26 67 16
84 10 4
39 77 52
13 5 67
1 46 40
61 54 62
70 65 54
71 39 94
69 43 88
10 16 26
56 57 42
8 90 78
49 83 89
1 80 92
57 13 14
6 60 94
23 29 13
60 92 81
32 40 53
58 93 11
79 64 93
37 79 63
92 52 94
16 69 24
41 5 69
67 22 7
32 67 0
0 45 30
32 46 22
33 2 1
31 72 4
12 45 33
6 32 86
96 91 44
17 48 42
12 40 57
70 9 55
93 35 89
71 17 34
95 68 24
90 35 57
31 74 32
11 37 62
57 66 89
92 59 75
40 94 27
98 16 36
83 1 36
34 19 54
22 87 27
28 49 75
84 32 35
89 43 20
79 17 85
81 84 2
58 50 66
77 29 41
85 37 43
34 78 73
28 44 28
79 51 84
41 31 69
71 82 5
92 45 58
26 59 9
41 84 9
51 74 50
92 62 94
24 0 47
8 60 70
62 88 61
49 16 69
71 20 4
82 27 95
21 61 0
25 51 64
44 6 86
16 87 82
89 80 3
99 59 83
33 58 26
78 31 52
27 53 5
76 58 42
76 79 85
39 37 2
34 69 5
41 13 5
88 77 68
17 90 18
51 19 95
47 71 87
80 63 83
43 78 49
94 47 88
84 45 28
97 41 85
87 61 92
86 39 4
7 38 99
99 62 1
98 63 36
49 80 12
53 33 72
80 42 80
82 60 71
90 74 45
77 28 28
76 80 77
97 15 32
47 22 10
45 28 99
20 53 75
50 47 26
48 69 57
9 38 17
83 67 67
12 6 81
71 6 81
30 1 76
0 79 33
9 27 43
92 77 44
35 12 6
11 26 8
56 11 92
65 1 81
9 40 63
77 79 95
75 4 75
40 86 94
2 9 92
96 9 83
74 73 32
89 58 68
63 89 71
45 73 12
92 78 14
20 31 18
51 42 88
46 49 18
24 2 40
5 96 56
8 50 69
29 52 26
78 39 23
79 21 3
44 85 50
31 78 35
97 20 27
54 69 18
18 69 66
46 12 70
99 97 94
68 59 27
65 50 13
57 67 12
36 69 14
62 43 5
84 6 43
63 79 62
8 91 45
46 98 8
12 45 38
31 70 68
43 55 6
75 9 51
18 67 17
83 62 58
61 19 18
63 49 89
49 34 10
70 32 38
62 3 37
34 81 35
63 87 26
68 54 83
51 89 87
68 73 85
56 82 91
76 17 48
54 64 39
15 33 41
53 61 28
13 69 65
90 1 94
27 75 41
51 65 83
24 25 59
63 36 59
21 52 36
27 92 63
93 98 6
44 33 33
81 38 64
7 18 33
67 29 64
12 27 64
35 76 79
74 61 93
85 16 7
62 56 98
22 93 23
26 30 26
75 59 89
67 28 53
37 51 40
27 17 14
15 92 46
8 62 73
6 27 2
77 35 90
36 95 12
48 37 1
20 11 82
7 33 8
55 81 3
53 73 34
92 25 95
18 71 98
9 63 92
82 70 66
40 5 17
78 48 11
10 10 59
32 8 60
55 41 73
85 80 5
84 52 8
41 77 38
52 42 6
93 31 93
17 75 26
75 99 17
84 73 73
2 64 24
8 3 92
91 89 72
75 31 15
30 9 22
83 52 54
75 72 44
94 16 55
68 24 10
28 24 0
96 17 40
32 29 61
7 37 26
67 19 45
4 36 42
29 75 46
22 27 45
2 13 83
13 30 28
57 3 58
36 48 26
51 50 87
20 67 32
72 45 53
70 53 16
96 44 16
96 92 52
11 36 2
24 31 67
23 81 58
20 59 83
11 96 12
94 81 52
17 7 61
28 39 78
75 4 65
43 35 61
20 26 20
56 16 75
49 66 51
63 83 94
55 41 75
59 11 27
90 57 98
24 64 11
80 8 34
4 24 78
55 75 47
44 26 82
39 86 20
71 3 41
15 38 69
36 33 53
13 6 11
18 16 18
27 93 9
19 90 28
50 20 90
89 41 48
3 1 1
65 77 83
34 37 71
42 90 59
38 20 44
60 63 37
91 63 46
37 71 21
50 15 9
76 18 35
34 81 64
98 35 0
40 29 70
50 37 85
48 85 32
93 68 96
13 20 64
75 65 10
81 23 52
26 1 68
17 24 23
18 3 66
48 97 87
5 31 89
81 39 42
98 20 6
18 5 57
22 32 73
34 72 57
9 95 31
96 20 37
60 81 66
44 78 32
30 60 51
23 11 69
54 26 72
77 41 3
38 2 11
92 27 49
29 78 16
82 37 90
43 89 19
74 52 42
9 54 73
90 94 37
38 53 90
42 17 7
82 86 66
52 21 21
81 10 30
25 75 69
39 16 62
71 99 18
81 43 23
0 18 8
23 99 71
38 18 10
87 0 16
58 88 32
19 80 30
5 43 88
32 6 13
97 86 3
11 60 58
21 46 61
27 26 2
54 22 69
56 11 0
27 37 91
59 67 65
21 25 86
99 90 1
81 94 95
77 43 48
26 66 65
10 10 86
23 60 7
70 84 4
55 66 90
17 14 25
16 86 21
99 68 81
42 34 59
79 0 6
7 72 63
71 25 17
58 69 27
84 99 78
99 26 96
60 97 67
98 51 25
1 14 70
19 42 61
2 44 15
78 40 50
92 12 33
84 79 21
0 62 92
57 73 39
37 28 21
42 54 14
13 48 21
83 78 15
81 66 98
73 13 48
98 14 69
82 8 67
58 97 49
16 72 78
63 80 73
0 81 93
27 26 17
20 71 15
68 90 52
5 67 9
27 27 37
75 9 31
38 64 23
87 7 99
2 90 2
72 42 19
38 9 79
71 49 86
82 68 50
35 53 84
19 70 46
13 95 86
71 73 17
39 45 67
91 76 85
95 13 82
15 72 5
70 73 49
10 84 56
40 93 28
59 19 92
36 24 76
21 8 76
33 51 59
13 13 50
34 71 82
36 96 97
28 52 70
58 65 1
4 43 82
94 3 14
3 29 12
60 96 83
93 40 89
45 78 89
45 64 35
82 17 12
0 21 39
36 26 61
3 40 57
15 3 79
56 74 26
37 5 56
42 46 71
48 76 37
37 17 43
81 32 81
48 82 22
73 73 71
57 95 81
90 91 69
44 71 75
37 19 3
24 1 48
74 67 53
76 6 95
64 73 99
12 49 41
98 39 54
67 28 0
89 51 88
40 19 79
20 13 72
27 94 56
90 81 30
48 57 52
60 51 24
41 19 66
47 17 91
46 72 40
12 20 31
9 2 53
55 4 17
50 80 79
70 37 53
51 54 55
83 81 20
42 5 80
63 84 84
26 30 87
35 92 23
87 12 39
22 32 77
35 47 99
17 81 22
72 55 84
10 74 85
90 26 58
13 94 85
77 75 80
9 28 64
39 10 33
6 83 47
63 99 8
56 78 67
6 70 53
41 55 78
35 19 20
18 29 1
52 31 12
18 12 40
48 85 55
24 50 85
59 14 0
37 18 96
82 67 75
25 89 15
86 23 87
59 48 16
87 98 5
81 87 97
43 99 38
42 59 20
25 40 12
37 46 56
78 7 39
40 14 20
5 2 70
5 65 33
61 98 34
64 9 65
36 69 21
81 94 70
70 3 82
73 59 5
83 17 39
7 38 75
57 96 33
84 53 9
30 74 26
68 0 86
76 50 98
58 51 64
65 11 12
58 0 72
91 77 5
27 57 73
79 86 11
0 76 78
24 17 33
32 68 97
67 49 31
35 2 82
98 66 1
23 67 86
74 67 14
40 4 23
6 13 71
61 64 8
70 42 89
30 44 94
29 67 24
86 5 84
35 38 20
13 34 30
68 91 12
49 85 65
66 15 81
34 76 51
84 26 18
37 61 28
4 10 77
98 94 4
0 41 9
46 77 22
58 73 70
71 59 35
85 77 65
99 70 54
7 21 0
20 85 94
6 61 91
18 91 14
95 41 15
32 41 75
34 98 23
86 40 12
88 89 34
23 29 62
61 16 64
15 86 38
24 53 11
51 66 45
78 79 42
37 1 36
49 33 8
97 87 79
81 79 12
1 25 19
15 45 67
94 84 45
52 91 48
61 52 36
60 93 30
91 64 20
40 85 30
38 80 46
57 93 70
26 72 83
31 48 28
25 35 82
27 53 9
67 32 50
89 72 93
10 36 74
97 45 89
57 55 23
2 9 76
59 96 90
30 95 87
84 41 5
30 34 12
14 79 21
69 68 94
82 25 52
49 25 45
74 2 47
61 51 95
54 73 9
19 97 65
78 82 10
91 11 38
55 40 10
84 23 7
64 73 0
78 74 93
26 19 56
47 93 38
55 53 51
89 31 94
16 61 34
34 66 92
50 12 24
8 23 50
25 19 22
44 58 44
25 21 31
77 98 33
97 99 42
13 54 51
48 25 2
24 57 7
52 83 32
17 15 52
8 51 84
70 33 49
5 5 58
91 79 28
9 96 38
6 77 74
56 44 67
45 5 59
96 2 25
84 4 0
32 94 49
34 45 37
91 7 20
38 85 66
36 39 28
65 4 57
65 68 87
37 15 60
2 54 45
94 94 59
73 25 3
99 10 5
80 99 19
42 89 76
57 23 21
5 37 51
99 16 44
16 20 15
37 44 85
43 22 64
66 63 87
1 20 99
21 1 70
10 38 36
59 95 32
54 36 22
94 56 21
22 43 90
52 37 95
98 16 87
94 24 22
99 32 36
28 60 81
15 65 30
10 58 10
29 7 6
15 93 49
96 83 11
81 19 63
61 65 64
83 27 5
11 34 44
19 10 22
50 25 74
15 24 67
89 51 49
38 26 59
99 84 0
73 75 53
97 70 23
40 17 11
71 54 17
77 81 63
32 37 17
2 0 62
0 15 38
3 74 96
82 77 72
74 56 72
86 94 58
69 70 65
32 57 84
98 0 33
85 40 58
37 47 80
45 13 40
2 36 52
59 92 60
45 15 29
88 33 10
36 35 11
86 72 44
2 52 56
72 79 85
97 49 46
83 25 53
23 61 19
4 2 96
47 75 17
87 98 36
77 72 55
94 60 4
44 79 26
0 31 83
93 58 33
91 72 57
81 17 63
50 78 80
1 55 26
32 77 22
0 12 49
50 86 26
46 42 55
50 2 40
45 45 57
67 33 19
51 83 99
61 7 56
87 86 56
79 58 32
51 95 44
68 48 5
93 6 6
70 68 40
98 72 89
66 26 71
11 24 75
22 8 19
20 92 43
9 48 49
71 47 46
4 90 79
39 86 2
65 77 81
98 20 59
43 82 38
36 43 98
11 49 90
37 68 5
27 9 15
10 38 91
97 54 9
25 29 29
14 33 25
9 78 2
17 96 25
66 41 89
99 65 73
75 71 17
45 57 36
87 7 76
51 26 67
45 92 88
25 12 29
7 10 88
16 58 89
13 49 59
40 53 34
64 51 96
68 77 69
30 34 98
54 8 3
87 79 95
49 33 25
55 59 35
39 85 78
42 49 92
79 23 45
83 34 12
54 92 24
85 2 61
68 1 53
57 56 21
41 0 82
81 32 26
24 56 48
20 87 47
64 39 51
35 85 76
7 39 91
1 91 6
53 26 21
18 64 3
23 19 55
28 37 68
46 61 0
81 70 10
89 69 84
62 54 33
60 93 35
48 13 10
76 59 65
91 32 56
79 5 2
87 66 74
59 81 67
11 18 53
89 64 87
75 30 19
51 23 51
67 8 56
77 9 60
30 20 34
75 54 44
10 83 93
88 4 1
13 63 33
80 25 91
92 45 6
69 40 56
46 10 5
32 13 29
86 1 64
57 76 53
3 52 33
91 86 0
56 13 45
69 83 35
24 61 41
95 23 84
62 16 79
63 96 18
42 32 91
23 54 11
78 14 38
51 27 12
39 4 88
41 96 21
90 16 42
90 62 92
40 99 94
53 27 85
66 20 0
85 61 82
80 2 96
95 88 27
19 79 16
65 41 60
72 26 69
59 19 1
11 11 84
48 52 97
21 47 19
15 84 73
93 29 63
24 76 59
34 13 84
70 12 45
29 24 76
89 98 71
56 90 8
79 95 42
82 6 4
70 68 42
46 1 86
64 16 10
34 60 16
60 24 9
75 31 7
23 46 47
29 77 14
48 46 83
57 80 62
55 39 96
94 0 78
4 59 94
68 17 94
72 96 96
57 74 29
35 80 38
11 2 97
13 14 44
61 55 40
96 33 48
29 60 57
69 9 51
46 3 31
33 41 26
26 82 7
92 7 37
61 41 85
49 0 40
88 96 81
27 15 59
18 88 99
26 58 81
74 84 8
60 50 16
4 79 77
57 7 98
90 14 1
48 11 3
23 91 9
77 85 6
40 53 58
70 23 53
78 43 36
91 90 56
38 15 52
54 28 67
94 54 2
59 77 42
85 10 79
31 20 95
61 45 60
50 15 81
20 70 62
61 49 29
0 43 27
79 77 67
1 67 95
12 67 29
22 70 94
2 66 85
74 97 86
99 51 3
96 94 3
58 7 38
88 27 28
59 60 29
47 95 92
36 58 45
22 81 95
90 86 1
14 7 77
65 55 77
37 28 5
5 71 97
70 5 75
53 81 79
8 70 80
12 67 6
95 1 71
77 96 88
80 46 77
48 49 9
64 31 44
30 28 20
72 61 62
49 51 67
18 34 0
28 54 68
69 22 9
82 80 95
77 67 61
84 58 77
65 90 30
17 41 54
61 76 93
78 14 28
70 88 82
13 25 35
71 45 23
38 25 17
68 7 73
53 96 90
60 88 56
50 29 47
88 24 20
80 9 26
82 56 6
9 14 9
70 14 4
5 51 66
