18 62 60
79 74 29
3 56 16
7 7 77
69 49 47
77 16 81
70 54 71
39 72 20
66 56 5
4 58 82
24 4 18
96 40 29
39 39 25
56 81 72
78 78 9
6 21 86
10 31 40
17 84 52
39 24 21
92 39 87
42 30 72
29 68 5
57 96 73
30 53 52
65 49 67
8 21 98
49 92 16
56 10 31
66 85 76
84 62 8
43 99 75
56 97 28
25 26 66
30 83 12
15 2 70
70 48 12
28 21 73
76 46 74
2 54 38
53 78 76
87 99 12
63 81 11
74 24 58
90 92 91
49 5 21
71 2 24
57 47 18
47 8 89
86 81 33
91 38 8
59 16 84
27 47 60
61 21 65
12 13 93
4 18 87
84 29 35
49 58 44
8 8 95
8 24 68
68 85 22
93 52 58
78 65 6
40 88 68
54 9 95
92 37 63
79 83 39
69 28 38
74 79 40
77 11 21
90 7 49
50 13 33
89 42 83
79 35 55
13 26 84
54 62 81
46 70 55
61 70 55
66 59 77
55 43 23
19 2 65
23 81 81
54 95 82
7 67 62
43 11 29
36 34 26
99 20 88
56 33 12
62 61 48
90 5 95
99 15 70
77 75 88
99 52 98
3 55 4
60 39 97
55 20 32
71 36 59
9 64 15
98 65 8
16 49 54
25 19 77
