13 66 95
11 76 43
51 84 7
85 38 64
41 2 50
6 39 89
58 57 58
20 39 20
76 4 70
97 13 6
12 78 77
63 59 44
46 38 61
77 75 30
16 64 86
20 16 15
40 13 30
85 43 86
72 18 52
1 80 77
75 42 62
82 14 32
15 85 71
87 40 25
53 30 79
9 14 9
76 10 20
74 32 2
72 99 71
7 27 79
62 21 96
32 60 31
80 10 20
79 69 86
17 15 56
47 11 24
47 86 63
34 41 37
83 5 16
23 92 54
35 30 46
83 62 52
55 82 77
4 41 94
74 55 36
36 79 83
76 68 29
40 68 15
57 0 95
71 75 70
13 79 12
72 88 1
48 95 51
49 61 62
67 76 57
61 4 66
96 15 81
58 99 62
78 24 94
33 33 71
64 1 73
0 59 28
47 55 85
54 23 61
65 60 50
93 65 11
80 3 43
9 90 3
16 3 74
26 68 13
17 76 42
82 7 38
27 47 1
54 46 49
53 79 43
43 35 54
11 97 1
24 28 2
68 22 9
47 39 97
73 51 5
72 2 13
17 86 61
73 14 33
22 60 31
71 23 75
36 3 27
18 21 55
24 78 96
18 57 36
83 93 91
81 8 65
12 28 93
63 36 99
96 48 11
69 45 79
37 13 70
81 16 61
47 69 95
62 59 84
5 99 2
96 66 55
24 95 48
55 28 87
94 34 4
64 47 80
66 15 38
23 17 56
81 61 27
43 32 63
67 70 37
28 41 70
54 15 65
25 63 38
55 10 25
48 8 51
7 31 65
85 26 85
90 92 50
71 19 35
59 80 37
99 66 71
49 30 59
5 32 13
78 27 61
20 70 64
63 9 88
19 72 60
57 64 88
1 72 63
97 13 42
16 73 82
43 74 81
50 33 42
14 36 77
13 51 33
79 91 53
93 66 76
22 61 25
65 85 93
52 29 40
68 55 8
49 48 46
27 14 57
47 33 61
56 88 40
4 30 23
20 52 43
12 2 38
67 69 34
20 36 82
62 48 3
78 78 45
84 86 61
99 4 34
42 11 30
63 24 47
93 17 49
33 83 34
12 20 41
35 93 6
75 35 87
51 88 67
82 52 73
42 83 86
40 50 97
60 23 82
15 54 61
32 58 70
15 99 92
85 23 48
76 25 31
41 47 80
39 15 60
3 21 54
87 35 7
14 65 3
86 35 42
16 68 93
54 62 26
69 93 44
24 93 40
29 52 40
97 22 6
82 86 70
30 22 56
3 15 77
79 98 87
43 12 9
58 72 34
67 33 98
52 37 83
23 69 57
90 84 24
75 62 96
53 60 27
74 28 76
96 65 47
23 74 73
8 22 70
92 84 92
36 98 37
25 0 79
87 5 70
51 80 52
12 39 71
43 77 66
28 0 95
65 67 67
99 79 16
23 22 35
54 15 81
38 35 21
79 68 9
42 74 21
22 35 47
94 14 38
13 29 45
7 28 99
55 47 1
24 57 68
71 46 47
59 0 73
5 59 90
73 43 69
19 46 33
88 77 29
58 61 95
24 9 35
61 20 46
41 31 55
15 87 33
73 64 67
62 81 0
59 80 26
46 76 84
76 44 70
88 71 77
21 46 39
17 51 10
32 9 37
62 50 64
64 74 69
61 64 90
87 90 19
72 86 22
51 47 29
3 98 25
34 93 65
23 55 24
43 81 36
0 1 6
24 8 42
52 62 84
2 30 26
75 75 43
5 1 45
64 11 57
44 4 34
45 94 5
52 55 91
20 77 92
77 18 46
13 54 34
80 19 88
64 13 58
55 58 57
18 76 12
60 10 34
76 12 99
55 3 79
47 21 6
4 17 22
87 22 19
33 85 58
82 25 12
58 34 82
29 76 68
77 71 15
49 6 25
84 88 18
35 64 41
13 41 8
80 64 75
65 35 28
86 33 83
48 54 46
15 70 10
16 98 79
12 0 40
69 11 42
52 37 7
35 66 22
13 38 75
31 21 38
62 48 78
18 11 69
23 51 72
96 79 60
20 30 63
94 91 51
21 21 47
18 16 25
81 83 49
88 87 32
12 4 58
43 11 38
41 56 24
69 87 97
55 53 47
21 33 46
15 16 75
7 98 85
80 16 60
4 22 97
17 51 32
45 33 85
11 83 17
56 59 9
70 56 46
43 1 90
21 19 99
48 23 36
12 29 99
44 85 10
14 15 26
7 51 21
19 16 30
33 45 56
68 89 23
9 7 31
54 35 97
89 4 28
58 1 20
84 61 41
52 57 45
38 71 47
64 87 52
71 30 87
32 4 57
23 78 35
9 48 13
67 56 51
13 46 61
83 64 14
77 60 24
8 2 97
40 82 40
88 91 46
1 12 71
22 67 90
25 21 3
20 25 51
32 87 59
96 34 46
69 98 65
13 32 5
29 24 48
80 25 66
58 60 48
41 97 18
74 60 31
42 71 65
0 44 97
76 24 38
96 19 52
87 68 9
80 60 78
62 14 65
32 82 84
73 15 80
81 35 58
6 44 48
16 90 33
90 4 34
65 32 13
87 30 26
76 33 53
30 19 1
61 57 92
52 64 57
67 31 24
64 18 65
66 78 89
16 43 37
83 97 96
30 85 68
12 85 44
20 95 11
66 67 51
69 81 12
4 33 46
82 49 18
43 43 26
88 4 35
50 82 2
99 77 52
89 36 3
89 44 3
48 2 4
62 70 47
98 41 96
57 23 79
21 61 57
58 49 68
53 92 55
78 5 77
98 17 49
13 7 14
0 97 41
4 94 13
40 85 44
65 87 84
38 26 77
5 21 27
22 36 26
10 44 2
64 25 9
78 75 21
82 88 89
97 20 10
93 61 70
18 16 93
13 40 25
57 36 65
79 58 10
64 83 13
96 18 62
49 99 68
17 79 7
88 34 45
72 72 83
12 93 66
37 9 78
0 30 14
0 36 93
4 77 28
15 70 24
73 57 16
81 84 31
68 40 44
9 73 77
66 85 98
34 59 44
47 8 76
73 64 36
26 31 29
1 45 26
45 1 98
16 11 72
14 22 58
45 86 87
38 60 98
93 27 76
44 68 99
0 68 52
62 43 27
54 95 46
37 28 68
44 40 94
87 5 45
92 50 48
70 17 13
61 43 26
28 55 87
12 7 64
11 12 42
44 4 22
40 5 67
38 95 32
2 43 98
65 6 36
6 20 5
83 41 70
95 75 38
40 19 25
17 14 55
25 4 16
68 40 28
29 59 77
43 40 2
51 77 58
64 44 24
3 11 11
6 45 91
39 87 14
41 99 32
41 31 35
55 52 85
76 66 12
33 59 76
75 16 19
46 2 67
85 89 34
95 93 38
77 12 54
16 28 79
81 60 13
25 78 77
50 56 5
51 25 68
73 70 42
86 83 16
28 28 40
1 4 33
5 41 34
28 69 98
23 21 12
94 10 20
32 34 22
4 42 70
6 61 26
6 79 38
75 12 54
70 83 59
67 79 50
63 4 20
37 49 37
61 10 95
64 92 8
39 31 6
23 58 44
13 77 75
73 65 42
49 88 80
5 17 66
89 93 89
78 64 75
14 64 15
77 92 54
48 7 26
12 42 86
47 24 15
78 64 25
74 78 14
65 42 44
93 96 64
0 48 94
8 56 37
98 47 25
69 57 23
95 84 65
99 74 62
57 17 92
93 4 9
93 4 64
35 48 84
10 76 28
60 75 26
33 16 77
64 15 5
11 83 26
32 52 64
83 56 33
39 95 67
97 62 35
89 24 8
36 0 23
27 0 54
47 17 57
60 64 83
29 56 21
47 54 62
74 25 77
92 42 32
99 65 27
97 0 57
60 89 91
62 51 48
64 3 64
7 74 77
38 39 60
76 70 97
10 72 44
84 89 37
28 57 37
87 66 84
18 67 42
54 42 92
21 73 97
12 28 48
93 15 88
18 41 4
75 25 63
45 82 19
11 97 16
32 0 66
87 79 42
70 74 67
64 80 60
59 89 92
33 1 53
84 85 63
54 23 26
72 62 5
5 60 16
42 0 6
47 75 74
47 8 89
47 27 33
26 64 92
51 27 86
12 94 21
8 90 3
75 19 30
72 50 73
92 92 78
18 91 81
96 78 34
63 40 46
75 43 5
76 41 1
87 91 32
87 79 11
20 61 38
5 70 50
9 40 77
47 16 98
6 13 43
69 62 29
64 71 30
52 54 43
50 30 18
38 89 23
91 37 28
5 89 75
75 16 63
3 40 48
39 67 4
36 63 68
40 60 15
31 84 11
78 25 10
96 20 82
83 27 72
8 68 0
57 79 91
33 47 32
50 80 19
55 29 90
6 74 74
87 9 85
41 6 72
34 53 1
64 51 34
0 59 15
36 69 66
66 88 90
85 6 75
3 84 53
97 36 7
92 48 27
40 11 34
87 12 31
30 21 57
5 75 71
53 86 34
27 87 19
45 53 31
10 22 50
19 71 74
26 43 62
32 99 97
8 24 76
97 62 80
27 39 82
86 6 3
87 87 12
42 26 72
89 21 4
70 85 77
0 81 94
92 61 78
78 24 52
75 95 5
51 65 81
24 26 31
57 92 55
99 7 18
37 8 78
98 92 62
66 50 20
64 6 35
63 85 71
65 4 40
97 40 16
66 24 54
4 25 69
31 45 94
66 9 49
32 35 71
79 3 24
68 3 61
99 36 59
59 91 11
11 12 37
94 9 82
71 44 87
56 63 46
88 50 36
66 23 15
59 84 44
3 72 30
55 31 35
83 10 91
48 84 5
5 11 52
50 72 61
35 29 20
51 32 45
4 5 76
89 87 60
64 75 28
31 91 78
79 22 56
9 50 66
48 63 19
2 21 77
29 43 44
59 94 38
45 97 46
14 62 76
43 52 45
75 60 14
28 60 39
95 11 11
73 86 35
2 97 28
45 60 29
54 34 52
55 11 35
37 50 56
41 52 32
93 2 96
19 60 74
60 91 50
76 24 26
89 56 74
94 99 75
13 2 43
31 65 38
85 48 57
33 1 9
52 51 37
59 19 84
6 34 38
48 1 22
84 7 1
10 68 57
60 32 20
67 85 55
39 30 36
42 78 2
76 12 89
59 28 69
16 8 87
43 51 29
39 26 95
41 48 76
3 53 73
1 50 51
81 30 25
99 95 84
60 30 32
49 33 50
39 79 68
4 7 67
83 8 17
66 20 57
88 56 67
19 72 12
36 58 71
64 32 95
65 38 48
60 7 11
24 34 94
0 7 86
91 14 95
84 12 77
11 97 54
25 7 91
71 12 96
23 23 59
83 20 33
28 15 14
45 87 15
59 18 83
9 29 84
85 70 8
78 64 6
30 50 10
90 70 96
41 8 96
6 26 45
51 70 26
98 55 60
51 85 58
68 72 17
98 30 92
34 86 42
50 25 22
81 34 4
24 1 93
82 53 18
7 48 66
43 78 65
46 41 75
11 56 67
53 83 26
94 41 94
62 40 76
79 36 22
12 83 26
81 17 41
14 71 90
90 16 49
12 48 79
71 79 25
2 7 58
95 99 84
4 48 60
90 97 38
74 3 83
31 46 18
36 49 94
39 14 4
12 37 1
80 46 33
24 27 44
72 81 22
77 0 83
39 86 11
62 7 48
59 21 69
14 66 40
85 82 72
53 41 41
0 73 74
88 68 76
11 40 54
11 61 56
6 31 85
6 18 53
26 35 67
23 50 26
94 71 22
2 33 7
21 15 49
82 29 15
83 99 98
97 68 43
6 53 52
91 43 45
51 79 91
42 0 4
56 51 94
64 26 94
13 87 97
85 98 17
62 3 80
90 56 73
9 29 51
85 20 62
2 44 74
67 69 59
41 30 33
21 60 50
51 19 68
26 23 93
97 26 51
62 23 18
72 80 9
8 91 90
43 13 8
93 41 63
71 48 69
12 40 91
29 94 91
0 60 30
86 73 24
21 54 71
32 47 5
24 18 41
59 77 41
71 37 72
21 29 94
28 10 83
80 67 15
8 84 30
9 47 99
10 87 48
20 95 83
21 93 17
90 41 0
94 50 79
64 64 8
95 79 24
85 60 8
35 29 26
70 28 57
36 96 30
59 56 92
62 51 64
99 12 98
22 98 84
80 67 36
64 52 71
58 8 32
5 24 85
40 27 94
3 6 11
95 55 0
29 44 47
6 79 51
97 25 18
25 56 6
50 19 15
61 97 80
85 94 54
69 92 6
91 14 91
75 72 23
57 96 98
27 87 4
84 3 9
71 66 16
50 85 23
39 76 64
13 86 98
95 26 13
13 56 13
29 73 78
56 33 69
19 21 52
95 71 19
44 8 22
45 0 36
9 52 97
19 43 7
1 94 7
79 66 50
43 90 97
31 22 91
86 69 16
80 61 37
39 6 18
15 67 75
59 16 75
5 59 39
85 95 77
31 38 80
90 55 55
50 54 93
40 80 81
15 82 50
85 52 53
18 13 41
47 28 10
63 79 33
97 45 64
46 22 21
82 66 54
46 13 4
61 44 80
27 88 44
52 91 96
36 65 24
94 35 43
89 55 66
92 59 86
2 10 82
28 60 86
79 65 0
89 57 16
22 92 67
82 99 86
43 0 28
17 82 89
90 69 79
8 46 30
74 49 67
90 18 93
66 26 63
13 41 99
99 35 2
49 21 31
48 36 68
13 63 99
88 15 39
32 53 69
73 81 27
34 97 9
5 70 1
15 78 73
14 84 56
39 14 87
56 3 75
7 68 80
23 62 19
10 92 10
15 11 58
97 90 4
27 72 60
80 5 96
73 70 82
75 70 80
46 2 21
1 93 54
88 11 3
5 0 78
42 6 16
64 45 99
57 5 62
98 62 15
35 51 36
77 35 23
47 74 68
30 44 17
8 76 23
2 80 37
55 50 84
32 33 51
5 25 80
27 55 35
62 28 1
73 21 3
56 15 40
61 75 18
3 16 32
27 97 3
80 4 85
32 29 19
50 57 7
10 59 98
33 93 84
57 25 29
79 81 64
61 96 13
40 57 17
56 54 15
44 77 29
7 52 78
86 76 19
55 70 61
50 81 38
35 12 18
88 47 42
66 19 49
10 25 21
31 73 87
98 38 67
65 84 76
39 4 50
71 7 66
14 36 4
71 75 62
44 65 93
50 47 87
69 62 92
22 72 54
76 66 87
91 77 3
95 53 18
72 25 26
77 91 85
52 97 1
92 97 2
99 47 4
54 27 54
42 85 41
7 5 49
24 43 29
1 75 39
74 65 71
45 86 95
2 20 61
78 13 17
59 41 29
28 67 33
25 38 83
5 99 42
78 7 45
37 29 14
23 37 31
43 97 60
41 4 7
6 59 42
86 14 42
92 59 2
32 89 13
57 22 76
87 57 55
51 51 8
77 75 64
75 91 36
27 94 73
61 18 86
54 87 85
29 52 7
29 15 42
54 89 17
18 9 59
85 47 88
98 93 25
75 43 50
34 66 58
77 39 54
15 79 6
40 3 17
44 86 99
86 80 64
45 11 82
46 79 92
95 20 9
89 45 36
43 1 77
90 68 45
84 89 93
91 69 35
79 75 12
28 62 49
41 94 88
31 61 45
72 93 52
70 78 63
16 6 47
12 28 54
30 8 7
29 77 81
17 79 47
33 27 96
88 15 95
39 1 15
43 31 54
93 81 94
56 93 28
56 12 62
83 13 0
30 57 18
50 45 89
29 47 32
22 73 0
87 35 32
0 77 85
72 36 87
93 12 0
11 74 5
93 13 92
0 72 83
37 28 90
14 16 10
5 59 26
75 65 90
33 84 60
93 94 86
56 32 60
31 96 0
68 99 74
4 60 3
55 44 5
60 83 75
72 32 65
55 68 90
88 43 79
80 92 1
46 89 94
35 31 19
72 73 68
90 98 51
6 67 12
61 9 19
66 46 14
17 47 39
48 13 23
33 53 61
53 31 79
57 24 0
10 83 39
63 23 41
9 31 95
30 73 35
40 43 2
19 27 87
65 48 95
16 12 25
67 43 80
13 55 44
66 67 62
43 33 40
86 20 36
66 0 84
20 77 23
97 54 99
27 36 3
31 14 66
11 81 78
48 44 31
77 97 30
31 82 43
9 68 95
46 57 77
35 86 46
60 41 59
11 0 43
14 1 98
97 6 70
36 64 22
13 28 92
70 1 19
22 3 89
12 79 34
74 8 26
39 85 40
53 15 93
10 86 33
71 76 53
89 64 62
32 74 60
97 38 6
47 49 92
39 67 34
53 77 60
25 0 77
1 69 24
71 61 55
72 75 9
63 60 24
45 41 27
4 16 75
58 70 75
76 53 60
15 28 82
14 68 70
5 83 32
12 92 9
3 84 43
57 62 4
38 10 73
57 8 79
61 17 38
95 99 66
12 22 18
41 63 30
27 44 30
65 97 96
5 0 55
36 71 72
38 58 68
51 59 41
20 37 6
56 78 6
92 79 16
96 54 45
97 9 41
59 68 53
45 24 38
83 46 36
77 61 43
76 73 74
29 72 20
74 25 71
8 62 22
77 44 20
88 67 27
63 45 50
62 81 11
63 24 39
42 36 40
47 8 62
88 17 39
41 96 85
96 88 53
27 1 92
15 25 25
84 86 83
30 49 81
30 68 60
2 60 36
19 13 7
78 68 77
24 85 85
75 67 50
25 65 38
85 12 24
88 49 63
76 10 92
30 56 56
65 18 14
1 31 97
2 61 49
98 7 90
79 29 21
54 87 20
52 69 83
81 30 84
37 84 49
86 42 26
25 22 72
4 26 22
48 29 19
49 46 5
26 5 90
37 80 20
79 75 6
0 20 83
33 37 17
76 3 97
8 67 98
3 62 0
96 67 2
74 99 92
42 36 68
78 38 38
33 35 51
22 99 39
37 70 67
36 17 20
56 3 51
94 54 61
84 71 85
90 76 10
44 19 85
69 4 17
12 19 27
44 5 88
39 88 62
42 56 3
96 34 66
28 51 43
90 60 56
64 91 55
89 47 21
88 80 91
28 52 73
75 46 23
1 70 7
80 33 47
33 88 18
82 72 65
11 12 74
50 96 18
85 29 38
54 66 72
29 76 42
25 48 26
8 94 9
54 56 26
43 21 93
67 9 90
35 89 61
69 71 75
40 22 11
91 53 50
57 54 98
95 75 11
79 93 3
25 74 1
27 81 81
30 20 72
42 47 15
34 69 89
58 94 24
27 81 32
18 94 3
6 40 56
89 80 38
25 38 1
4 11 73
89 35 69
27 25 73
90 49 55
80 28 79
52 7 51
52 82 93
33 57 1
90 5 72
9 8 4
38 59 57
38 40 30
14 29 96
19 97 55
57 63 47
93 19 82
35 79 31
2 67 80
8 25 40
98 57 69
90 96 15
76 65 42
75 89 41
2 15 59
58 34 41
83 92 48
86 9 25
61 51 64
48 8 52
4 38 72
35 39 33
76 41 87
63 20 86
92 30 89
31 30 39
75 84 20
25 44 8
79 13 59
66 0 47
84 50 15
37 39 55
80 24 8
14 4 68
68 31 49
40 7 82
84 57 99
75 3 85
97 26 52
88 29 29
44 76 24
99 28 61
30 89 8
79 90 50
58 46 24
29 77 50
59 2 83
67 43 28
1 6 69
43 36 41
69 45 12
90 89 67
25 96 27
26 35 32
96 13 57
82 94 45
59 2 28
34 85 86
3 75 84
50 86 58
46 80 71
73 24 11
92 25 59
53 38 12
59 19 41
6 16 64
70 0 6
74 57 63
90 21 58
48 80 68
47 7 67
22 97 64
3 21 65
12 52 56
7 84 36
60 47 53
9 34 99
40 53 30
30 38 65
16 37 77
70 99 23
59 58 36
43 17 26
71 33 90
9 42 0
79 42 59
70 96 68
48 46 55
53 2 1
89 37 44
72 79 22
61 55 16
84 50 39
95 57 28
15 54 36
91 93 63
67 15 13
19 4 5
55 80 32
45 75 42
11 61 64
57 89 50
88 47 29
3 81 24
69 31 27
41 8 97
4 54 85
65 69 52
62 65 86
89 95 96
55 86 38
81 12 12
12 29 86
18 77 98
95 28 49
9 49 61
59 33 57
95 95 82
40 6 83
34 12 24
24 28 98
24 98 56
38 70 66
96 11 39
68 11 54
23 8 16
81 62 30
6 61 96
29 71 56
95 17 53
15 73 78
0 9 77
87 65 84
83 64 88
14 81 40
5 24 40
19 68 12
86 26 75
26 77 58
59 66 56
25 44 4
38 67 38
17 44 47
21 30 91
86 99 55
75 35 24
87 96 18
47 53 28
94 78 29
64 25 45
39 72 52
59 88 43
75 31 41
81 76 68
98 86 69
24 73 49
67 30 2
56 27 47
10 75 36
15 20 68
0 87 21
46 90 55
88 66 27
51 14 25
77 20 33
82 18 41
21 89 57
98 57 61
55 7 1
31 50 78
58 84 77
9 41 43
98 12 46
51 39 45
31 45 7
70 4 18
89 42 2
82 27 60
94 19 76
83 23 16
23 17 48
71 86 0
91 60 54
71 62 77
59 67 42
52 27 95
81 27 13
21 38 49
16 35 89
68 2 19
76 42 62
98 9 2
90 20 22
34 57 19
52 61 94
11 98 44
56 63 11
74 0 27
6 26 35
98 17 25
55 35 11
31 42 96
6 49 47
26 66 84
67 43 78
47 71 82
41 76 83
75 12 91
79 84 84
6 18 3
21 49 79
63 86 10
97 63 73
16 28 44
69 1 67
6 83 94
20 38 62
45 13 38
62 50 19
74 9 58
98 34 39
10 41 85
32 55 39
8 63 72
45 73 64
1 45 9
20 41 35
3 36 23
94 64 94
75 83 67
37 32 76
61 12 95
44 72 92
60 9 72
99 72 22
12 24 86
42 51 53
89 15 24
57 66 68
24 95 89
98 13 91
57 11 52
61 19 27
98 95 99
24 2 1
6 7 11
47 55 47
44 26 3
8 28 4
87 12 11
16 14 8
57 73 76
8 21 73
78 10 91
49 92 66
24 93 60
29 66 28
81 70 34
35 55 20
44 86 33
80 5 93
61 79 76
16 62 60
64 99 63
98 61 56
97 61 59
13 86 50
48 28 59
8 0 17
54 21 34
12 12 31
56 1 18
13 10 83
40 34 6
5 33 28
98 77 27
70 77 85
33 48 22
45 17 9
36 94 21
57 4 69
89 83 86
52 67 51
38 54 52
34 24 38
6 22 65
28 33 10
72 96 84
8 27 90
14 22 8
65 9 38
15 90 24
21 70 79
99 45 29
37 32 31
97 44 35
67 96 62
88 64 69
8 38 40
79 25 17
0 81 89
5 43 50
55 91 19
20 70 15
42 58 71
64 99 75
12 81 94
40 75 70
12 54 76
72 30 30
70 93 7
91 75 80
80 90 71
40 37 31
17 23 63
19 83 30
41 14 98
66 34 64
68 80 40
55 14 89
83 37 64
45 82 17
97 43 36
0 45 67
3 92 49
40 78 6
32 68 99
89 45 59
58 57 39
34 96 63
19 38 29
40 55 76
3 2 35
27 99 19
57 69 23
9 77 22
93 82 12
95 19 62
86 31 2
32 45 31
59 71 46
58 24 20
15 48 97
27 18 20
60 5 23
9 72 46
44 18 13
90 60 9
8 32 82
19 7 31
83 35 1
28 55 12
55 60 74
1 26 81
15 59 49
4 30 99
80 4 97
57 84 98
49 35 12
61 88 96
20 49 57
24 83 53
68 8 65
50 24 7
21 37 15
24 88 58
51 25 38
16 90 40
2 2 82
66 98 99
75 6 40
36 13 61
62 29 76
75 91 20
50 34 41
40 37 53
9 19 63
99 95 22
53 67 75
73 81 30
87 92 77
87 3 30
64 79 63
34 88 28
83 86 58
42 85 21
20 4 86
32 82 30
94 49 56
0 16 85
85 41 85
87 38 82
56 98 88
47 87 62
88 35 71
77 52 26
56 67 97
77 57 76
17 25 92
49 81 66
8 90 42
20 53 44
29 76 52
15 26 36
80 56 21
27 32 43
7 87 23
79 97 72
71 93 69
91 14 99
7 23 61
17 86 43
73 12 16
70 9 4
56 8 69
6 54 14
72 79 3
75 98 38
29 43 67
43 18 68
39 99 9
9 65 96
85 95 71
13 26 84
73 89 85
74 78 28
15 46 52
85 36 90
16 15 66
41 38 49
82 38 82
22 60 62
38 56 32
55 22 3
33 88 88
45 24 55
8 64 85
88 45 14
18 76 53
76 55 30
27 56 58
37 22 88
26 86 30
22 39 74
98 75 94
92 48 13
85 9 23
37 64 51
84 74 8
19 14 86
33 88 63
53 47 68
81 93 58
86 26 67
43 73 89
77 67 41
45 20 2
60 85 93
70 61 4
96 96 98
67 91 15
10 78 91
40 39 35
88 28 36
16 91 53
99 73 40
8 51 27
24 2 73
69 99 43
58 89 62
98 55 27
8 65 26
93 43 24
53 98 49
61 76 59
21 94 59
14 32 88
16 3 17
70 78 99
83 88 20
82 78 35
4 17 5
83 14 17
54 0 78
91 99 15
43 56 11
96 71 80
99 71 6
3 78 50
54 85 92
46 97 64
85 4 2
69 54 32
87 45 28
40 10 13
50 94 3
26 50 15
65 89 84
78 72 16
96 60 38
16 64 75
83 30 20
96 39 43
90 33 48
17 59 99
28 56 10
64 22 28
86 54 73
55 81 11
95 87 43
4 35 25
54 10 99
71 24 39
47 40 88
33 50 34
22 3 72
20 20 7
95 68 48
43 78 63
93 22 42
96 19 3
53 51 66
6 39 16
37 39 92
94 83 33
48 71 81
49 51 27
18 60 64
13 48 92
36 33 7
84 21 79
68 97 94
57 41 91
6 72 33
29 83 90
54 78 97
74 66 96
12 8 55
15 70 92
54 63 83
86 65 82
47 74 61
50 94 25
67 27 62
40 15 38
18 76 58
52 35 74
45 68 86
59 81 52
96 14 90
6 29 44
53 45 17
56 14 74
40 24 18
56 7 23
9 35 72
35 62 45
36 48 9
46 95 96
18 75 76
85 67 9
68 12 90
23 17 25
79 20 31
75 17 6
91 42 2
84 33 36
21 50 10
27 55 11
84 95 67
2 73 47
23 40 88
44 79 69
94 98 50
11 47 14
16 41 41
57 11 22
80 32 40
30 81 16
13 47 79
77 76 87
49 60 15
7 46 35
47 58 93
18 42 99
81 75 43
90 27 21
73 27 14
87 3 23
82 75 11
92 36 86
16 97 25
9 95 14
6 68 50
81 97 80
90 78 97
22 50 24
73 2 56
85 97 34
42 29 61
45 83 74
66 68 92
19 27 76
96 68 83
87 21 17
66 75 93
2 55 75
4 61 0
12 39 97
34 56 84
35 77 44
53 36 22
2 14 9
49 41 30
54 49 56
12 21 24
57 74 2
48 75 88
77 35 38
68 39 81
93 23 89
55 44 8
63 10 65
48 6 65
