77 66 87
57 19 55
59 40 73
8 18 30
95 64 98
16 72 75
22 81 39
2 23 98
58 54 33
12 69 31
50 83 49
26 69 79
34 16 26
39 42 84
18 23 19
42 96 40
9 37 93
53 49 97
19 53 46
86 59 2
83 85 92
83 33 40
81 56 24
64 55 21
54 91 87
30 67 78
94 95 60
78 70 5
38 48 71
77 79 91
26 69 42
23 7 16
16 51 13
65 14 68
11 75 61
88 89 29
23 25 74
65 27 59
98 43 83
18 1 71
79 30 68
95 11 10
3 50 85
11 8 86
62 69 35
27 38 26
93 10 11
38 61 52
8 2 88
85 11 23
31 48 94
98 87 99
57 13 72
34 37 71
24 42 95
57 62 38
70 81 11
82 13 97
35 85 13
34 34 62
72 7 1
25 91 37
91 85 27
17 66 20
55 87 60
17 63 14
57 29 51
3 43 90
97 22 73
30 1 55
27 94 33
1 14 69
37 72 87
46 23 52
19 69 49
11 18 69
82 15 60
67 42 25
11 26 92
97 2 26
14 81 11
12 60 50
22 6 29
90 7 21
92 28 97
6 14 98
53 40 40
11 82 10
8 97 52
33 55 56
19 80 98
17 84 48
25 50 3
36 3 62
65 94 79
19 91 7
84 29 50
42 23 84
28 61 31
11 3 54
64 99 37
12 4 4
58 57 53
30 62 33
50 75 49
77 63 99
3 78 25
84 8 14
23 96 78
46 18 58
82 9 47
84 81 18
88 63 83
85 27 12
25 66 12
88 60 76
91 20 76
83 63 11
73 72 36
86 16 73
40 22 55
82 81 23
67 40 32
23 65 49
38 34 24
55 44 70
35 35 96
79 15 13
4 1 23
56 57 32
73 44 78
40 43 38
72 64 10
81 92 86
7 18 8
74 61 2
87 2 71
84 21 98
67 64 92
49 96 71
5 57 37
32 76 93
62 33 57
30 82 39
18 16 73
43 45 94
36 22 7
73 10 20
84 51 66
57 99 79
46 87 96
80 99 26
89 53 94
99 47 56
44 24 48
79 22 44
16 89 20
8 94 47
94 11 33
88 85 31
27 97 6
80 81 70
79 18 97
41 77 26
59 40 23
7 72 20
48 25 97
82 69 39
7 23 20
96 9 58
88 92 12
87 81 78
9 30 61
44 85 18
15 3 1
91 28 47
31 87 93
62 35 52
5 16 82
47 80 61
36 7 50
41 90 39
97 16 9
28 10 98
54 10 81
24 52 33
73 23 82
64 68 98
71 99 44
67 71 87
85 86 5
77 42 56
7 31 41
86 25 63
30 27 79
25 38 87
92 67 59
77 55 44
15 42 84
71 9 48
4 1 94
90 23 68
17 83 3
74 45 16
22 44 69
7 27 14
51 27 64
16 79 3
3 15 99
37 90 82
87 3 19
8 0 47
69 10 49
79 98 11
48 84 57
14 17 83
57 22 93
2 84 45
42 94 44
1 55 5
77 78 69
0 92 10
98 34 1
39 75 78
17 1 40
6 55 59
17 31 59
24 58 41
73 32 19
22 71 23
30 28 67
99 81 31
56 25 42
9 73 46
22 92 1
63 25 15
12 62 22
21 29 5
71 26 95
46 92 70
13 94 58
49 70 65
14 17 55
50 47 73
73 55 16
98 11 31
53 52 48
55 41 37
25 20 30
0 77 46
30 22 35
54 72 28
46 32 27
73 43 72
91 25 70
94 52 20
39 80 5
54 53 53
13 66 1
91 96 4
22 62 21
46 3 81
76 2 73
12 67 39
82 6 85
84 61 3
86 40 63
73 17 4
68 84 88
97 57 66
81 68 39
22 9 32
40 42 97
50 28 11
49 81 52
25 25 14
5 61 11
82 25 76
65 93 90
82 27 5
30 3 42
73 49 87
62 17 65
55 50 95
17 43 66
77 38 14
90 85 98
38 30 46
91 51 41
7 81 5
10 26 60
78 59 37
65 33 76
29 55 88
79 63 8
50 27 51
30 16 35
69 21 4
50 6 11
82 90 19
94 68 53
71 32 3
3 44 76
89 79 34
15 37 8
55 58 0
15 93 38
53 21 68
85 52 39
37 81 65
96 25 97
81 62 82
42 20 43
48 69 83
72 52 95
55 19 46
66 84 87
61 13 0
26 20 92
82 54 42
50 37 52
50 43 19
3 82 20
29 35 19
20 75 14
13 74 24
89 82 18
51 4 72
74 85 36
38 98 23
62 2 46
11 52 52
85 92 59
22 86 70
75 80 35
22 65 89
60 75 23
28 62 86
26 49 32
77 90 10
89 88 46
79 40 49
26 29 64
22 47 29
39 56 43
75 68 33
48 64 54
20 16 68
24 79 75
11 69 12
41 54 61
74 44 72
48 10 21
65 64 31
23 91 49
60 32 68
62 26 52
50 4 52
32 32 66
85 31 2
39 18 4
87 12 77
64 93 73
74 76 70
81 70 4
46 57 0
40 24 83
77 88 87
51 21 5
29 90 85
29 27 74
84 70 45
73 64 52
56 28 43
67 77 2
93 55 67
57 57 48
32 34 92
42 66 27
54 56 90
68 19 94
75 28 78
66 91 65
82 64 29
10 79 95
86 4 75
21 37 86
37 74 81
22 86 95
38 53 29
67 44 4
17 87 46
28 11 70
2 91 19
55 32 84
23 36 22
77 51 62
24 52 19
73 71 83
27 85 21
62 5 45
78 81 19
43 86 1
27 2 58
92 67 3
65 46 53
86 65 67
3 86 56
6 10 40
93 1 27
48 98 6
62 89 11
0 92 89
24 94 25
18 93 68
84 39 35
70 83 92
56 62 66
21 73 94
53 21 75
75 90 84
29 79 22
68 60 30
62 77 29
96 75 70
77 64 65
17 23 32
84 81 98
27 8 60
25 87 67
95 35 85
77 18 73
78 53 66
23 31 7
67 93 18
51 79 26
58 18 26
55 65 80
20 45 78
29 53 99
0 99 64
70 78 64
33 79 43
87 4 83
43 4 3
24 3 27
34 91 1
44 67 76
64 42 26
84 47 19
11 86 34
82 41 60
63 35 11
13 97 7
6 39 22
54 85 17
97 79 79
75 73 57
52 29 25
27 90 73
86 94 13
15 75 89
30 72 97
94 41 48
29 20 46
49 81 33
13 40 21
36 34 15
35 7 32
27 64 86
9 90 53
87 96 24
40 1 79
72 52 86
22 86 99
64 80 54
75 85 94
23 70 56
12 68 18
35 24 14
30 44 49
3 57 58
57 93 6
7 96 46
74 23 96
98 27 50
25 81 8
80 98 82
3 35 51
56 29 28
22 58 10
14 16 26
88 91 27
22 34 19
57 44 2
13 36 54
92 39 34
51 16 23
37 2 71
20 78 33
50 51 77
0 87 48
41 99 79
64 6 70
72 25 51
69 85 88
4 72 13
16 43 82
81 27 3
55 2 38
0 74 50
62 48 43
80 56 12
99 25 60
34 15 1
54 22 78
90 97 95
46 7 53
3 23 44
85 77 15
25 4 17
60 42 56
88 75 60
57 16 15
74 0 61
84 33 10
47 95 84
99 56 90
87 46 62
53 47 25
49 6 84
31 47 80
92 50 53
95 95 60
64 86 16
79 32 89
84 72 68
21 27 49
18 11 1
28 73 60
97 67 55
17 23 39
63 30 17
79 68 50
88 27 33
43 16 97
22 94 83
4 17 79
3 23 22
66 96 92
44 88 62
38 6 18
84 31 98
65 69 26
74 1 2
32 16 55
38 58 47
25 39 47
12 9 87
65 42 78
41 83 27
10 63 55
51 96 30
29 8 35
34 98 57
52 58 85
35 87 24
9 15 47
16 52 74
64 85 92
72 15 99
5 36 5
36 37 99
84 22 41
34 57 52
96 8 94
50 47 54
89 96 43
60 5 43
4 31 92
73 67 2
6 55 73
14 58 29
80 55 5
50 17 86
44 35 94
46 75 22
43 74 6
61 49 23
27 53 18
93 52 76
34 97 5
14 90 2
32 69 21
3 47 28
60 95 99
22 35 53
31 67 48
32 8 53
92 59 53
73 59 57
29 61 14
45 9 59
84 54 9
57 50 66
4 63 43
55 37 94
65 31 52
61 66 75
70 89 4
14 91 43
42 72 21
21 80 77
30 35 79
95 4 2
26 39 90
67 24 22
48 56 24
93 82 56
40 65 81
27 36 26
19 69 77
18 34 68
84 23 35
94 66 66
30 22 44
59 93 14
58 49 61
93 42 24
15 73 26
24 87 5
91 13 71
77 68 60
58 71 85
83 94 71
14 56 36
73 73 44
62 14 45
14 57 22
90 35 31
2 29 95
24 49 82
14 61 47
67 81 95
9 18 85
67 7 7
67 20 28
6 92 83
78 51 60
91 7 58
95 40 28
68 25 89
13 5 67
72 90 29
82 2 49
29 36 0
4 16 24
27 47 62
17 43 97
78 38 85
19 82 0
35 96 73
87 2 9
39 68 44
36 15 31
27 51 17
20 73 81
52 55 69
17 50 91
35 98 62
54 25 60
23 38 20
38 37 98
83 30 23
64 55 53
73 81 4
98 60 36
41 65 38
27 93 53
94 60 64
73 70 29
60 20 9
70 44 51
52 88 66
13 9 40
23 89 62
58 49 32
45 24 98
59 7 30
58 54 63
60 37 23
87 24 29
20 12 73
42 56 94
42 83 19
82 9 37
22 61 69
48 22 67
5 8 32
49 33 82
7 70 39
67 54 73
28 98 9
36 43 71
83 17 51
12 48 69
39 28 22
71 21 83
5 84 22
1 14 99
78 38 11
23 15 91
63 37 7
87 18 72
30 51 75
2 19 87
48 49 86
55 85 37
7 35 85
21 0 95
19 97 42
25 2 75
59 46 53
58 31 21
50 3 97
82 89 68
57 40 33
53 87 93
70 54 22
5 16 68
7 21 2
46 44 68
33 11 8
34 42 52
91 51 63
29 11 49
59 85 11
7 4 47
26 1 56
49 66 6
58 51 99
38 9 43
31 49 19
5 66 82
50 86 60
84 40 66
18 33 74
42 1 47
69 72 61
7 96 11
58 54 93
31 14 88
50 48 13
79 4 75
74 72 52
64 70 91
21 53 34
77 14 13
45 21 76
32 25 90
16 38 91
57 53 88
18 75 60
54 72 56
75 55 60
97 25 14
56 90 23
3 1 21
12 12 35
11 43 81
45 39 88
72 50 76
6 40 37
73 93 51
78 96 18
75 51 66
18 10 57
6 15 99
22 20 16
30 52 63
54 44 12
49 30 25
93 30 89
64 32 26
86 63 38
15 81 49
51 14 84
49 12 16
32 22 20
49 44 99
90 11 8
62 90 52
26 90 4
15 75 86
4 71 54
26 87 14
9 48 16
97 70 44
45 60 18
65 87 22
67 42 53
84 31 21
23 25 16
88 17 48
62 91 2
62 88 24
66 9 76
94 54 40
3 51 3
32 87 55
16 41 93
47 83 13
53 55 19
59 59 91
79 21 9
85 56 69
2 72 8
56 38 35
51 39 55
64 20 30
0 84 71
23 17 75
22 6 51
98 23 42
63 73 59
28 82 31
44 36 39
88 36 28
63 27 37
7 6 0
77 66 48
49 80 18
26 83 38
85 66 34
77 25 32
80 89 27
88 79 93
81 63 26
15 17 94
89 51 14
63 96 87
2 74 6
43 5 11
6 77 65
2 13 66
72 84 13
80 20 90
15 89 90
49 41 68
58 75 49
42 30 95
51 57 21
96 4 75
3 56 34
29 5 36
53 46 27
23 82 67
65 30 74
98 70 77
33 87 19
55 46 18
55 25 11
14 5 71
39 57 97
37 85 70
51 81 66
19 33 29
32 16 95
98 75 73
79 82 17
84 68 36
59 7 18
11 22 86
60 33 65
60 90 0
41 55 83
22 10 96
35 60 75
30 53 6
20 14 23
24 86 27
24 52 61
50 25 55
93 33 78
58 61 49
53 49 75
3 96 40
16 64 32
68 52 39
5 10 73
39 97 73
82 32 44
23 48 45
29 64 71
50 22 50
40 1 9
22 64 14
9 81 33
98 30 43
11 93 13
63 40 5
58 87 98
97 17 10
40 14 99
35 28 21
22 59 31
75 15 98
82 2 9
84 51 73
23 71 49
29 61 69
3 72 43
55 94 79
34 24 0
83 73 50
58 12 64
32 93 91
26 76 73
34 3 49
89 99 58
49 40 44
54 42 58
41 46 61
72 23 46
48 99 78
19 54 78
26 99 35
6 27 85
22 0 27
53 19 88
95 56 49
84 96 65
35 82 38
3 80 84
88 57 49
89 97 7
57 95 40
94 79 39
48 85 64
44 47 81
69 55 90
26 62 18
35 74 49
81 25 38
44 71 31
17 98 50
91 40 36
9 32 35
59 25 32
27 46 21
95 18 90
86 32 21
35 5 8
63 23 56
95 79 73
5 71 66
9 96 78
18 73 57
47 40 3
99 10 47
26 79 8
95 42 29
73 24 70
83 22 67
94 45 71
34 80 13
61 25 13
59 56 80
20 20 22
34 17 44
79 0 33
33 82 79
11 76 50
99 36 61
46 9 37
4 66 80
57 73 19
84 29 10
95 2 98
4 15 52
63 67 66
4 68 27
99 24 20
68 7 83
23 91 32
43 92 75
14 24 54
31 95 60
0 84 0
61 61 87
12 10 61
83 78 99
92 1 27
83 19 38
60 7 40
73 17 2
97 17 73
37 10 68
6 60 95
84 84 17
92 10 95
70 58 26
47 83 71
53 15 49
23 45 17
9 99 35
82 62 3
4 25 27
9 52 90
1 24 33
52 74 72
36 23 30
90 25 30
37 0 72
16 15 20
57 66 96
50 29 94
66 48 35
79 9 33
62 50 71
53 16 16
46 33 18
30 81 79
43 12 76
82 90 59
38 79 4
5 84 75
62 86 53
5 93 63
57 36 28
26 34 77
66 5 67
30 29 13
13 87 82
92 62 25
19 65 85
22 44 60
71 70 69
17 97 3
57 19 37
31 21 30
12 77 47
16 72 43
44 58 7
54 97 93
76 60 15
62 56 87
22 90 57
73 53 8
97 8 23
70 15 52
86 52 65
2 61 54
21 85 88
24 95 11
44 96 86
64 92 54
68 48 55
59 82 30
17 27 91
58 97 93
90 95 31
79 87 98
86 62 83
61 25 94
12 70 67
70 38 8
95 79 29
41 16 54
71 94 89
91 99 17
82 80 92
69 82 3
15 40 16
83 17 60
79 43 67
10 43 70
16 22 78
36 3 89
45 2 43
73 26 21
62 17 35
40 21 4
20 7 48
7 83 23
70 7 19
14 44 62
96 60 67
93 23 31
79 86 80
8 25 36
74 85 5
79 72 22
83 77 47
10 61 31
76 72 19
55 52 94
14 90 36
42 67 63
85 95 36
53 33 22
74 59 81
5 43 70
29 84 32
23 97 74
59 15 73
35 19 0
50 56 54
2 15 32
14 58 13
46 38 30
45 64 29
28 39 45
60 47 20
82 9 59
33 99 61
12 72 47
25 6 14
53 8 0
47 77 94
6 41 38
29 39 92
67 40 46
63 11 89
24 11 64
25 45 12
26 49 29
70 64 33
89 37 5
49 23 37
87 24 5
80 25 91
83 40 60
75 9 98
46 5 32
7 29 73
0 40 54
56 98 44
36 55 6
63 27 62
39 1 30
85 61 25
53 36 20
36 35 16
43 50 31
85 59 19
59 31 28
83 30 54
34 96 89
23 91 19
31 92 84
46 22 49
22 35 97
81 80 55
4 90 82
68 90 69
69 72 51
59 34 93
46 10 49
87 43 10
98 18 84
14 36 23
82 72 18
46 78 48
17 11 68
75 98 56
46 8 55
81 74 38
65 78 94
14 13 48
70 5 16
70 71 60
29 90 29
24 73 60
8 77 26
46 92 5
89 27 95
17 43 54
65 96 0
49 45 39
39 44 26
3 59 57
11 2 18
22 35 9
46 27 23
58 73 60
3 39 87
67 33 72
20 27 94
89 82 52
98 39 86
69 84 11
49 91 38
33 18 83
35 15 10
56 72 67
52 36 61
30 85 14
77 90 73
78 58 5
53 65 40
12 4 81
95 96 98
45 76 33
85 17 94
28 76 76
71 15 83
16 93 61
72 20 13
92 9 36
25 97 60
43 60 11
32 51 61
52 97 16
70 35 74
16 12 36
69 44 70
48 63 94
59 50 0
63 88 55
75 3 97
74 14 87
6 67 74
2 93 70
14 49 91
43 9 88
59 84 6
76 98 57
56 53 80
69 13 6
63 67 37
26 48 23
98 38 66
93 59 52
9 44 46
9 30 73
54 18 17
38 44 12
70 42 31
68 3 71
0 82 55
17 10 47
45 65 5
55 53 4
65 58 79
63 12 74
12 87 24
61 61 39
61 39 46
35 34 64
97 53 86
65 14 47
80 67 60
41 42 10
33 19 63
66 47 13
91 23 19
57 26 90
76 86 81
62 81 90
30 2 16
18 6 27
62 50 23
37 35 54
20 80 73
45 27 61
80 57 38
56 46 84
98 94 28
34 46 39
75 45 49
62 3 42
11 99 27
53 91 55
93 97 68
7 31 33
7 81 37
64 36 44
98 42 30
26 41 72
14 65 80
64 92 57
82 52 74
44 10 25
17 60 48
73 60 72
32 74 22
53 73 35
56 12 59
8 82 49
71 20 93
77 31 62
90 84 69
43 87 88
9 19 84
49 32 86
77 99 41
64 85 84
34 93 91
14 46 28
12 61 19
84 77 25
5 39 68
5 63 47
19 72 4
24 37 72
60 15 23
63 38 82
31 1 4
5 45 7
75 87 18
50 9 30
20 88 86
56 47 34
44 90 25
26 0 53
52 68 8
35 13 36
19 51 82
3 13 79
65 82 60
85 76 2
73 31 19
47 13 18
34 91 34
91 78 42
26 88 82
43 52 80
67 59 52
14 44 84
79 83 27
54 71 90
15 20 7
82 11 32
13 69 37
47 18 41
49 9 41
97 74 61
56 70 5
42 89 53
33 7 38
41 31 49
18 44 82
2 83 6
36 10 59
55 75 93
75 49 63
44 50 75
12 75 7
32 92 77
4 57 17
9 49 42
46 4 49
35 30 22
41 28 37
95 94 25
5 49 96
28 18 83
10 91 29
58 40 94
90 72 34
16 11 2
82 88 28
86 68 19
78 46 94
41 34 10
74 76 30
89 48 13
14 67 20
99 42 57
77 18 32
61 68 51
57 83 43
99 57 88
96 57 8
30 98 82
25 28 71
11 46 15
29 32 29
3 97 64
30 45 52
60 65 8
56 99 92
55 34 22
31 75 43
71 2 82
83 60 6
92 89 27
90 33 82
1 27 38
42 67 53
76 21 85
42 87 20
69 73 80
22 6 9
59 97 59
37 33 93
88 45 84
94 53 91
79 98 48
37 16 68
17 82 38
49 50 15
95 59 0
96 29 33
58 53 31
79 61 72
59 76 76
97 65 31
4 69 61
21 43 10
56 90 11
69 97 50
94 0 80
57 89 73
94 17 46
25 92 65
21 31 68
73 27 84
73 79 12
59 42 79
23 96 85
61 17 64
19 68 41
26 55 68
29 21 10
3 23 22
55 95 13
17 52 51
40 4 21
87 37 4
57 4 89
67 32 61
49 81 10
47 4 55
49 30 88
14 21 16
17 28 41
83 16 95
9 16 49
53 94 37
89 61 70
56 57 51
8 13 80
65 74 19
22 85 63
31 26 60
42 14 14
60 67 16
44 76 59
38 4 94
47 12 90
67 11 29
79 5 47
77 93 5
13 20 62
10 39 8
92 81 15
94 41 24
64 85 37
93 8 3
59 61 2
79 10 23
79 76 50
97 91 16
1 98 93
32 48 77
61 0 53
49 32 45
63 88 9
5 72 7
51 96 41
16 52 20
72 58 73
15 88 7
98 42 55
4 77 14
74 81 8
32 97 53
80 25 12
90 79 33
68 52 9
58 20 31
25 29 95
58 19 43
57 96 43
19 95 98
86 73 58
35 58 34
7 31 61
61 8 4
48 11 86
46 0 70
65 66 28
66 56 41
32 19 62
46 8 68
58 22 86
97 11 59
81 28 78
39 88 66
92 75 3
26 81 59
63 28 49
86 91 51
60 35 34
68 96 97
47 70 87
4 92 34
52 95 40
11 97 32
64 46 37
72 50 25
58 2 18
47 53 25
22 1 58
83 61 41
68 76 24
91 89 64
67 8 85
78 63 21
42 65 20
85 36 27
35 97 8
5 42 73
28 1 93
49 27 53
76 40 83
8 53 60
94 56 43
40 37 75
81 97 61
31 39 76
47 70 82
85 97 8
60 35 31
25 73 98
22 88 82
71 17 71
76 73 1
48 66 0
80 96 2
5 92 93
64 41 17
41 45 34
27 3 83
20 77 95
40 53 53
43 30 12
61 85 18
67 1 50
52 10 66
71 44 99
54 91 62
76 90 15
9 23 93
3 4 78
19 68 87
74 93 31
38 41 78
20 28 65
60 6 29
59 38 42
29 98 44
20 65 67
61 70 74
13 89 77
62 17 62
12 62 12
92 35 32
39 76 62
49 36 94
95 23 97
70 95 68
18 54 22
34 4 84
51 49 10
38 62 37
38 51 16
63 48 42
72 58 39
45 50 20
53 41 29
22 20 78
21 72 38
17 82 66
58 58 72
91 98 47
79 94 42
3 99 25
92 34 20
46 92 96
12 84 62
37 49 51
38 92 46
90 3 31
35 64 26
98 94 10
42 10 41
36 68 8
61 89 74
73 21 48
83 77 94
28 4 60
55 11 52
30 16 27
25 42 12
86 90 57
86 45 63
83 15 36
80 49 26
35 59 61
89 18 69
88 79 83
81 89 23
86 37 80
33 16 83
31 36 87
26 27 21
64 22 50
68 21 55
18 45 81
2 95 83
35 37 96
98 49 28
27 42 55
78 73 20
79 76 49
0 97 35
97 24 52
5 57 11
90 94 39
49 89 70
51 48 92
8 15 56
40 41 66
71 20 61
25 49 49
62 45 62
30 34 59
25 7 68
37 45 98
34 89 35
48 42 8
89 5 46
80 95 17
53 71 92
45 13 5
3 40 16
57 3 29
39 39 22
77 74 89
69 79 27
54 65 18
96 80 74
2 1 53
92 32 46
43 75 58
6 40 50
77 0 33
67 73 96
26 64 29
61 43 95
82 58 5
70 50 93
54 61 75
41 54 7
91 30 7
66 28 38
5 67 69
1 5 58
59 70 92
86 92 31
21 81 38
40 69 5
9 7 18
11 74 99
87 91 14
60 45 81
34 9 2
51 79 3
73 16 32
66 75 88
39 94 42
22 31 92
41 29 62
49 2 94
70 6 9
42 69 87
87 40 3
15 90 85
83 32 42
37 8 92
73 90 5
28 64 28
67 73 46
16 32 49
64 68 67
65 21 76
44 11 8
0 70 20
26 67 18
58 85 95
21 55 33
82 80 4
27 87 33
36 24 76
51 33 89
29 6 53
7 4 29
60 77 17
57 97 91
83 78 4
39 35 52
37 27 32
47 70 9
77 19 15
62 97 63
94 5 95
1 2 87
50 58 92
52 80 91
50 64 90
70 18 28
28 57 86
82 1 64
88 58 87
64 41 61
24 75 1
58 14 59
95 25 40
80 58 62
76 1 37
87 66 29
70 4 62
84 56 88
79 62 60
88 65 55
46 89 87
25 42 83
58 57 34
24 38 5
23 83 23
95 77 80
46 82 83
41 60 78
46 54 55
16 67 14
54 48 71
55 91 58
68 72 35
56 84 25
41 1 53
81 1 35
36 62 13
80 68 86
16 86 7
26 89 11
59 26 21
86 56 38
19 54 80
81 92 22
71 95 39
87 15 39
53 24 48
39 22 10
78 32 52
13 51 64
55 35 86
0 84 10
38 48 29
12 32 45
14 53 24
72 54 77
41 99 83
79 99 64
12 35 98
24 37 16
55 33 79
95 30 47
54 55 70
88 95 55
67 62 90
92 4 98
19 41 99
89 21 50
55 96 98
48 37 92
36 49 86
81 31 16
42 67 6
45 43 23
4 87 32
78 18 64
95 81 53
65 6 66
4 54 75
2 39 10
62 43 47
99 88 79
90 94 68
38 32 53
90 98 18
23 76 50
70 54 34
80 18 23
12 12 33
88 6 13
35 34 58
39 7 74
55 63 75
54 32 27
66 80 98
70 49 34
59 51 42
1 87 66
56 22 26
34 31 16
52 4 17
93 10 74
56 52 56
99 18 47
26 89 98
80 48 5
6 42 32
80 83 94
49 44 41
26 34 54
94 39 99
2 24 63
22 80 42
31 42 86
8 52 78
14 89 0
84 50 1
1 71 37
31 21 32
32 99 44
38 94 12
23 50 97
16 36 14
9 19 5
11 55 95
99 69 17
48 73 81
67 70 68
75 72 76
1 83 38
90 1 90
7 57 69
60 48 27
69 55 1
99 33 99
33 50 56
29 40 94
67 46 21
32 45 98
2 3 22
47 48 74
66 90 52
5 61 80
99 24 63
91 98 3
73 26 1
35 8 73
65 73 83
93 95 34
34 20 18
92 73 18
31 23 26
60 42 34
16 19 36
63 5 22
16 82 14
78 81 34
64 13 26
25 44 98
69 84 96
92 82 14
41 42 69
5 90 21
34 69 15
20 79 34
22 2 43
29 58 70
36 82 48
6 12 20
75 32 35
91 93 54
80 30 51
12 15 52
47 14 89
69 48 83
14 5 53
55 91 92
58 49 12
90 85 17
35 86 17
94 8 14
66 67 17
70 31 75
73 49 72
18 81 72
43 39 30
95 12 72
47 95 0
16 96 88
51 64 28
95 50 67
10 81 18
1 65 11
5 49 54
27 65 94
48 60 36
23 0 29
46 16 39
97 25 84
92 83 26
81 96 29
10 14 81
24 89 60
23 7 12
4 56 12
6 24 18
22 2 18
69 53 56
78 24 72
39 2 72
0 25 93
68 97 91
33 82 1
94 89 27
8 47 12
78 67 56
61 59 84
6 91 54
5 92 31
42 23 9
69 2 74
81 99 83
75 8 34
55 36 71
70 8 14
59 37 51
66 9 31
13 15 33
70 85 51
88 0 43
84 45 43
51 54 58
3 76 11
38 35 87
66 7 21
70 64 44
42 50 39
77 60 81
1 17 36
73 73 53
2 65 13
23 83 84
41 91 97
44 96 27
29 90 58
45 90 65
72 63 5
9 72 12
48 42 85
98 16 90
86 98 40
45 43 57
87 69 1
92 27 21
88 79 96
3 11 19
5 68 4
98 47 20
55 70 96
42 36 74
73 76 72
57 70 53
40 44 38
86 77 91
31 72 90
46 80 73
7 72 60
98 23 4
66 66 89
31 86 40
60 2 12
86 42 44
17 74 47
83 67 98
77 19 41
83 81 33
26 92 23
23 39 82
5 80 92
58 57 71
15 86 96
63 43 56
68 79 62
91 92 99
94 74 2
72 3 1
55 1 15
20 85 58
95 14 45
57 90 99
86 71 5
89 48 32
88 89 10
48 26 71
51 70 0
49 16 94
97 58 85
45 7 7
33 36 56
95 66 91
20 61 38
97 44 15
95 42 49
60 49 12
19 20 13
75 42 48
7 18 44
34 12 89
16 44 98
73 12 80
9 98 25
88 81 49
60 41 33
19 66 11
77 55 16
49 87 0
65 38 61
14 99 68
57 18 47
54 9 84
50 39 32
31 89 54
48 99 42
45 76 96
78 53 65
66 59 95
47 30 71
55 81 36
38 17 32
55 19 18
52 67 39
15 84 60
40 70 10
3 22 82
6 43 97
24 22 68
90 70 95
82 23 23
32 79 85
65 14 97
66 51 4
72 45 99
54 29 44
4 47 16
74 93 55
28 65 78
87 2 63
15 75 96
41 50 39
54 37 71
16 91 80
53 18 51
17 87 86
63 37 75
70 37 2
65 85 35
93 24 77
58 13 14
93 68 47
90 75 53
66 71 10
78 51 68
16 24 77
94 61 21
40 31 76
21 6 64
4 41 75
44 49 7
63 10 56
19 68 41
43 87 3
50 24 25
21 13 61
38 38 0
7 18 41
89 83 99
96 78 38
24 95 57
75 22 74
43 25 2
85 32 98
52 22 35
75 68 57
87 44 25
34 32 59
99 41 27
64 25 72
46 86 18
90 26 60
51 83 24
55 28 58
71 2 80
26 69 94
50 59 28
18 99 94
50 47 96
57 84 47
19 52 60
6 41 3
35 7 45
97 7 60
9 31 10
64 54 65
86 10 84
3 58 73
78 70 44
21 27 3
82 46 74
7 25 32
16 79 6
59 50 3
74 56 50
92 73 25
98 56 73
11 7 95
77 14 29
67 25 0
56 15 15
94 34 67
2 74 85
19 31 36
76 58 71
32 68 87
67 1 19
21 88 80
6 78 50
95 57 63
35 95 85
84 69 59
26 11 72
81 62 47
69 5 80
91 34 96
6 64 80
53 38 19
22 28 75
99 69 20
45 24 30
16 72 52
27 29 37
56 59 24
83 33 15
20 38 28
73 93 9
93 15 13
93 35 23
61 65 4
91 18 91
35 57 53
88 3 18
33 57 38
33 56 60
13 44 6
46 64 95
35 75 2
21 73 48
47 38 46
31 17 2
99 26 69
10 19 48
61 48 81
83 40 7
7 14 12
15 22 62
47 42 20
81 1 24
84 87 20
61 41 65
85 72 33
86 93 66
48 15 16
47 14 80
89 14 21
33 75 12
25 36 57
39 19 18
41 35 58
8 7 68
51 11 61
13 63 60
75 5 82
99 14 98
62 60 67
24 42 41
85 15 42
13 22 1
77 92 83
17 15 46
61 68 99
90 1 74
99 53 91
58 24 12
38 27 72
6 85 0
37 57 59
58 37 69
82 72 85
90 64 62
10 53 29
34 16 1
62 60 30
85 78 18
30 50 46
64 33 85
94 38 63
64 44 73
27 4 83
57 93 72
14 10 80
69 70 12
15 5 60
54 56 10
0 74 39
61 34 78
26 36 71
63 39 53
68 22 71
52 50 72
99 9 92
59 9 17
82 85 90
3 45 2
59 55 84
18 59 55
8 78 34
22 23 93
33 40 82
94 68 98
23 99 11
24 32 8
67 2 76
47 78 39
12 50 36
34 19 81
52 63 32
59 76 67
58 26 50
32 79 94
90 80 84
74 67 65
60 53 85
86 52 17
4 80 89
97 78 72
94 39 90
79 31 18
57 98 63
94 46 42
4 0 89
11 14 87
7 91 21
57 9 65
61 70 47
7 32 36
16 36 4
94 37 39
55 9 59
29 48 15
68 29 21
6 9 77
81 68 62
76 14 66
62 69 86
1 39 69
2 37 83
2 17 69
9 60 1
51 1 62
93 11 76
85 86 54
46 23 4
20 0 28
91 38 13
52 31 46
94 54 83
19 0 88
55 48 89
7 73 0
7 38 36
19 64 50
68 0 51
61 27 91
43 4 91
46 82 78
46 63 72
52 4 76
52 64 60
51 4 89
87 36 80
54 93 4
15 57 13
83 75 78
91 32 53
96 41 2
56 24 24
6 43 1
53 99 97
92 81 4
70 39 58
24 74 80
57 24 25
15 93 97
99 61 20
74 63 96
8 57 7
4 20 87
66 54 65
95 15 74
34 54 88
29 26 75
95 3 75
88 44 53
76 78 53
73 56 48
27 59 71
3 66 46
63 26 74
83 80 9
41 40 90
44 56 95
9 25 42
66 86 19
0 35 49
79 92 31
71 6 89
88 74 8
40 48 81
54 11 13
72 61 91
61 4 94
32 63 16
62 9 98
55 67 53
55 67 36
54 21 43
72 87 23
95 48 78
94 78 48
47 47 80
54 18 31
76 52 42
34 15 11
8 11 25
79 11 14
69 5 60
54 53 18
77 53 54
54 32 92
12 23 81
14 73 73
50 38 98
61 32 9
19 97 91
57 2 57
59 43 0
13 70 77
89 71 59
25 98 38
9 2 84
91 70 98
48 33 41
75 40 22
61 17 91
57 86 62
75 28 4
10 48 2
65 15 9
47 62 4
23 6 88
96 2 65
32 68 42
21 39 16
4 69 16
29 51 63
38 28 92
95 20 25
62 60 10
52 80 65
23 33 39
2 5 57
2 38 79
27 30 57
60 88 95
82 83 32
64 46 28
31 79 78
91 79 92
65 64 23
5 14 45
14 12 83
30 23 85
95 42 3
69 40 29
32 51 23
43 15 98
0 62 19
54 66 99
80 23 26
77 48 26
64 45 87
95 33 32
70 71 94
37 51 44
14 48 75
69 33 21
72 89 60
4 23 98
74 18 86
79 70 0
92 29 79
63 78 34
18 79 16
18 80 41
9 33 2
58 28 56
3 30 86
4 92 95
17 63 89
23 49 85
24 45 1
75 41 12
45 20 68
79 6 81
66 1 96
25 33 84
34 82 60
82 30 88
25 65 41
79 51 86
51 98 52
90 68 5
56 16 40
58 47 92
85 25 95
48 81 9
95 98 31
41 33 6
12 22 32
30 78 37
17 72 94
82 2 79
80 81 54
54 52 8
55 59 60
6 7 54
30 96 64
66 90 45
39 38 31
85 12 85
38 60 5
50 24 93
85 95 29
24 59 37
18 86 18
42 49 66
32 88 40
10 93 42
73 5 77
24 87 67
79 45 94
52 97 7
28 31 85
77 64 36
36 8 11
34 1 28
44 11 61
28 89 12
5 46 3
90 53 86
77 73 37
57 47 62
74 71 92
24 50 38
8 62 59
83 89 63
61 0 15
65 45 61
10 91 62
2 46 79
40 96 45
89 10 32
30 4 83
1 84 43
55 10 75
34 15 0
16 11 87
64 80 17
78 92 91
52 76 39
3 91 62
47 93 81
27 11 58
55 79 32
45 63 97
5 36 14
32 46 5
51 49 33
28 54 2
36 78 95
53 37 68
74 42 86
31 97 33
72 82 47
43 67 85
85 1 95
19 22 3
49 1 68
38 85 41
3 94 30
43 0 68
18 22 80
29 37 10
55 60 52
86 87 69
53 6 77
68 15 10
91 10 92
12 53 53
94 51 16
69 48 81
93 42 55
57 18 9
52 27 91
13 87 30
87 88 64
54 37 13
16 33 4
10 47 82
43 81 84
48 10 73
78 6 73
36 44 23
27 22 59
24 40 4
51 27 40
8 77 22
14 29 71
69 73 79
28 24 60
54 35 3
87 15 27
35 49 48
54 37 84
33 49 87
12 72 13
98 54 17
79 85 4
85 44 19
17 56 65
30 13 97
38 56 13
3 97 61
91 71 80
46 72 50
64 65 99
79 64 37
44 31 26
6 53 90
34 62 16
58 77 13
94 65 88
84 17 0
37 97 39
10 68 43
69 52 52
99 23 74
26 15 45
52 10 41
53 84 12
68 6 19
56 39 80
35 66 57
81 23 21
40 0 26
89 31 54
38 54 26
7 76 4
87 92 95
73 97 82
54 17 35
49 35 8
85 92 76
79 50 78
0 83 5
45 65 24
78 80 41
6 46 2
61 9 9
12 65 27
41 80 17
93 68 84
72 70 76
63 70 55
60 21 89
87 99 25
38 16 37
54 29 21
29 47 19
81 33 95
73 30 53
68 76 80
6 96 29
42 38 62
75 83 68
47 40 18
58 1 9
63 34 62
58 31 73
60 58 64
12 0 25
85 13 15
59 3 49
49 50 82
42 91 60
97 59 38
7 31 48
5 84 58
86 95 32
88 42 66
90 98 32
82 28 62
41 89 84
12 45 10
8 82 66
6 26 62
26 84 97
34 91 63
40 14 38
58 51 13
26 85 77
88 19 54
27 30 7
3 43 54
65 33 8
10 30 27
15 84 98
69 92 43
51 32 31
0 82 51
4 29 73
55 27 10
63 83 33
40 82 6
39 53 28
83 55 71
92 83 53
29 55 59
26 56 94
35 58 42
49 58 76
75 73 86
90 66 57
67 14 51
83 7 82
39 92 43
81 50 2
49 48 72
98 65 45
26 33 77
22 89 55
14 88 80
46 59 68
26 81 0
37 57 38
23 6 72
41 3 86
56 24 96
66 65 81
77 71 87
90 13 4
96 72 83
28 86 96
18 35 44
47 81 39
76 10 14
86 26 7
19 10 36
64 17 98
15 41 93
57 99 86
79 73 76
15 27 81
94 14 54
62 22 33
2 91 60
99 66 53
19 97 17
29 28 87
32 95 87
70 97 70
96 49 38
39 52 28
81 42 11
25 84 81
67 33 6
61 15 92
20 14 19
21 71 11
3 4 64
23 64 61
98 95 2
95 12 64
69 75 79
73 1 2
35 83 14
98 23 81
48 33 90
4 26 7
96 56 18
89 11 53
8 26 26
14 92 41
3 53 85
75 55 13
20 47 54
7 73 21
57 95 75
61 53 23
37 59 5
3 13 76
52 72 41
98 97 61
68 28 78
82 1 7
91 77 38
99 91 80
90 45 82
32 21 49
25 65 23
22 33 39
86 77 36
85 59 74
41 50 86
86 0 32
32 77 1
51 63 65
1 39 27
81 83 46
20 14 42
26 59 69
48 94 91
66 34 79
21 11 78
93 33 95
60 0 85
2 1 28
68 34 75
89 32 6
86 27 33
92 48 70
54 70 37
49 5 41
35 92 43
16 70 20
67 30 44
86 62 46
56 86 47
53 30 29
6 85 5
29 10 59
23 36 61
0 1 16
68 70 7
30 49 22
5 37 70
98 32 90
42 53 72
81 44 2
76 86 4
92 14 27
68 56 98
16 34 29
69 17 85
15 2 59
19 26 36
58 38 34
0 68 59
66 60 90
3 34 92
10 37 32
20 84 71
99 66 37
4 83 81
45 69 83
39 15 14
98 92 6
72 31 95
1 5 35
9 24 86
62 83 59
65 96 42
28 87 18
0 6 68
40 69 33
83 40 11
54 46 56
34 70 62
91 43 57
73 60 40
54 69 89
20 10 38
93 50 55
60 12 90
8 22 75
34 93 46
17 74 85
51 90 43
34 25 42
70 94 78
88 89 19
71 58 72
19 17 29
73 43 8
48 50 36
81 47 88
88 53 59
31 52 33
85 77 66
47 33 59
32 63 65
49 94 37
47 1 53
46 66 60
35 71 20
13 77 48
43 57 0
91 10 97
50 96 12
24 38 85
83 47 11
21 69 95
13 71 51
1 77 19
8 84 54
82 56 42
48 43 18
8 24 84
55 91 40
0 47 92
91 97 60
46 91 30
35 65 43
71 44 6
63 69 31
34 91 24
60 99 52
49 75 37
70 36 67
83 80 65
92 23 5
29 22 23
4 76 81
95 82 78
14 75 27
19 34 90
45 83 69
96 60 82
80 45 84
47 99 91
99 88 6
83 1 55
81 56 97
90 80 6
41 43 40
4 80 39
59 91 78
38 86 17
31 83 98
87 48 15
66 70 70
72 55 39
97 81 23
11 32 71
25 50 97
16 58 54
8 0 10
7 50 78
68 6 76
32 64 38
37 16 78
92 86 73
0 25 32
27 38 21
75 65 38
52 48 47
92 48 46
12 99 4
74 52 24
30 72 88
14 55 80
44 63 50
8 43 39
12 8 3
81 45 38
38 99 47
57 4 41
22 53 57
94 40 73
69 3 49
73 22 75
0 48 24
50 69 19
83 95 25
66 9 42
3 90 86
20 29 32
53 62 43
77 34 75
63 41 2
97 73 88
29 93 51
75 61 54
48 90 24
30 41 76
23 52 78
44 24 56
53 0 25
94 95 67
96 62 53
70 25 16
71 47 71
15 54 11
23 23 19
80 96 45
98 45 42
39 4 69
14 15 6
55 70 40
19 6 16
66 73 74
70 24 68
22 62 69
41 62 59
12 19 65
87 59 21
70 77 92
86 89 86
23 4 78
52 85 47
75 70 6
57 34 72
36 15 64
23 11 72
36 63 86
34 0 74
22 69 47
0 78 9
10 21 62
85 92 0
18 20 22
70 75 45
43 92 4
48 46 55
16 91 81
43 96 48
85 94 86
52 16 81
50 20 51
28 72 12
13 39 73
53 35 99
16 97 53
60 57 59
43 63 44
74 94 23
32 33 66
13 94 19
66 93 40
39 90 49
47 4 18
67 12 72
92 55 94
86 1 66
47 67 33
66 84 25
41 99 54
40 38 13
67 60 18
34 49 3
96 90 70
77 72 90
75 7 58
23 40 7
69 46 15
59 2 29
51 39 94
18 70 96
2 85 3
0 36 58
63 94 9
1 62 96
22 96 48
26 39 0
51 8 53
43 54 7
34 90 9
7 95 68
63 21 57
85 39 66
87 69 89
4 25 49
31 38 50
89 85 17
55 18 67
30 91 17
22 58 39
86 25 14
36 70 92
66 12 34
85 58 74
22 4 70
82 11 37
86 49 29
90 92 62
0 90 15
23 76 66
59 91 69
81 96 54
79 73 14
45 7 6
26 71 21
91 32 95
31 46 62
71 80 29
36 38 54
85 6 60
91 34 78
87 0 60
0 95 3
56 41 98
63 45 77
42 15 4
98 80 38
90 58 48
86 19 59
41 93 32
34 90 73
90 42 6
58 56 68
57 77 64
48 52 4
23 63 55
28 82 22
65 1 42
63 5 86
69 6 33
73 47 94
49 28 63
97 83 80
28 18 70
70 63 39
48 65 97
71 25 32
38 65 60
12 44 72
82 28 35
77 79 64
16 60 96
3 74 34
54 59 52
70 78 84
91 0 55
63 30 23
52 20 90
11 46 88
19 44 10
92 93 59
94 9 19
90 35 59
66 19 66
44 2 88
14 12 0
66 10 53
31 86 58
59 76 91
88 75 14
54 14 80
36 4 87
94 15 85
67 4 28
39 58 76
22 4 60
89 48 78
30 56 27
56 46 1
57 14 92
45 74 63
13 35 88
68 93 88
38 50 16
60 6 43
63 13 7
7 12 24
47 48 72
95 40 8
25 79 2
65 22 89
28 83 63
25 38 50
47 54 41
23 59 3
40 14 0
41 88 95
71 99 99
65 58 12
48 16 70
87 86 30
47 54 8
4 41 63
42 79 54
3 48 76
21 97 13
96 84 95
44 37 16
41 69 9
57 57 54
67 43 21
59 56 87
58 39 44
88 54 30
84 49 57
64 72 98
88 77 24
60 39 93
17 50 52
64 57 96
55 41 40
71 81 28
22 25 35
94 0 18
9 42 65
35 54 19
37 23 77
49 6 62
34 28 13
25 78 14
43 9 28
1 81 49
55 32 15
2 4 40
59 99 61
58 72 86
19 2 59
21 75 75
10 16 53
36 67 25
13 32 12
4 26 95
24 88 56
88 5 0
83 35 91
61 23 81
47 45 50
88 76 32
98 62 61
36 29 12
39 94 2
2 76 94
49 4 85
24 21 37
61 82 96
90 62 68
2 13 90
5 37 55
79 66 94
75 12 54
40 36 68
92 14 92
79 90 13
17 1 19
25 16 91
60 39 34
72 5 42
18 82 43
4 79 96
99 96 14
68 53 28
34 73 7
85 11 76
99 78 78
26 26 12
59 93 82
47 91 87
14 43 45
59 91 6
47 6 41
52 25 92
32 12 4
51 75 81
78 45 44
63 42 57
26 43 83
88 78 88
92 4 75
90 51 48
77 13 13
83 92 58
93 50 66
38 64 1
33 34 75
73 18 36
76 4 52
31 22 23
31 97 18
16 53 35
60 45 77
69 86 62
49 26 93
77 54 78
82 5 61
89 70 25
58 87 14
8 3 33
23 86 76
22 8 9
14 71 73
25 98 7
16 33 51
32 2 14
82 59 4
48 39 54
72 37 57
5 21 31
33 44 32
89 98 79
45 2 17
36 14 55
87 30 56
60 80 52
51 60 48
22 61 32
17 55 71
84 55 19
30 98 58
58 48 53
20 34 96
28 31 46
5 53 36
80 95 95
22 88 26
1 46 75
67 10 82
7 0 41
17 24 17
92 75 48
53 54 78
3 54 29
10 19 86
15 49 41
98 46 80
29 45 91
86 88 13
5 6 39
3 72 65
77 38 39
81 68 80
91 1 17
66 31 4
39 94 81
75 76 51
90 62 76
57 12 65
19 2 15
36 96 15
67 64 54
66 51 19
40 17 49
90 67 52
90 63 67
86 97 80
76 0 33
96 19 72
98 87 68
94 73 24
28 87 1
69 70 66
4 25 81
60 58 90
12 57 93
53 46 25
64 48 95
36 14 81
72 37 76
82 85 20
26 2 30
90 90 18
53 73 75
64 59 36
60 32 62
87 19 0
81 56 71
79 91 5
8 39 35
59 72 4
49 71 46
86 73 43
14 92 5
3 83 10
23 43 71
76 28 6
72 55 52
3 13 54
31 85 36
69 35 26
7 32 10
77 8 16
35 31 9
71 35 42
62 49 76
96 2 71
25 66 93
94 32 6
35 9 90
21 18 45
18 54 28
96 26 54
33 37 93
94 40 90
80 56 2
72 93 9
12 74 40
66 97 4
72 54 1
90 22 90
2 97 5
67 40 29
26 71 93
88 81 98
0 47 37
67 21 32
19 23 81
13 89 11
50 15 21
41 56 70
47 17 69
71 50 95
40 9 99
9 79 3
38 3 1
61 54 54
65 82 89
48 81 91
69 47 26
2 66 34
50 77 75
52 54 18
53 5 65
30 3 4
12 52 90
3 69 47
14 61 82
85 85 86
11 53 90
16 86 92
53 61 77
33 99 39
37 5 90
40 7 82
83 89 77
2 29 51
59 39 55
37 49 77
99 60 71
84 18 14
42 15 54
83 38 49
15 71 71
93 38 73
67 81 15
25 88 84
98 36 88
20 68 8
6 44 50
85 24 35
54 47 57
46 9 4
11 4 27
29 20 64
66 17 41
0 27 36
8 38 69
27 93 79
5 96 7
25 57 97
73 17 51
80 20 64
46 70 32
46 32 69
96 51 97
40 37 33
25 8 81
53 67 38
27 33 48
79 16 68
94 92 21
4 86 72
85 72 49
93 36 79
47 84 5
45 22 56
17 19 6
79 72 51
45 8 1
39 72 33
61 18 11
39 62 0
27 27 11
5 82 14
77 42 72
78 84 52
0 35 75
42 72 44
35 15 56
27 82 58
91 6 33
79 15 39
59 37 80
61 47 45
4 95 6
45 44 71
92 42 68
23 2 25
64 41 68
92 5 27
57 59 40
82 37 76
89 65 61
43 31 50
89 82 94
66 88 32
28 42 7
97 70 59
22 36 82
97 56 47
33 49 43
87 75 94
18 34 81
82 71 13
40 47 55
26 92 98
18 65 10
55 88 65
27 17 98
48 53 52
4 29 76
65 13 85
79 43 46
6 76 9
96 48 86
46 8 80
59 88 46
6 15 75
5 75 50
90 68 4
88 94 66
9 52 78
20 88 40
93 59 96
78 20 6
15 72 0
42 22 43
47 77 97
42 86 19
47 4 18
98 53 23
84 52 84
59 74 89
77 40 87
89 22 55
1 63 78
80 89 51
28 23 47
29 76 20
94 79 46
7 79 46
36 49 30
49 52 32
42 48 64
21 69 52
88 4 91
95 53 38
28 54 78
34 90 14
93 19 13
47 97 85
54 22 98
11 16 9
18 62 39
57 80 6
27 66 3
93 69 21
15 56 85
58 19 33
58 21 18
2 9 20
82 32 4
91 35 82
42 19 95
8 42 85
61 83 51
54 56 33
5 90 22
65 44 34
47 8 55
11 95 42
8 1 79
61 41 92
88 11 40
90 16 27
22 36 88
92 87 35
20 37 38
8 92 8
14 79 85
11 56 69
89 95 36
11 55 78
62 60 9
70 91 62
65 7 89
29 26 84
47 95 39
44 65 3
86 42 97
7 73 33
39 49 26
22 88 60
36 24 27
75 94 68
67 76 94
23 62 42
70 69 7
83 11 32
68 43 78
96 12 0
72 38 25
51 56 63
32 58 69
56 61 65
50 68 26
58 35 64
81 88 34
96 99 66
80 2 88
12 18 44
6 43 30
26 3 37
4 85 40
35 78 7
70 38 49
55 61 88
27 23 40
27 3 43
46 16 13
70 74 58
74 46 23
17 62 56
51 37 83
83 76 25
61 14 35
19 34 93
34 40 46
72 58 10
11 63 94
17 48 31
82 68 18
52 70 69
33 47 10
87 9 20
24 91 7
62 97 15
56 43 58
95 86 73
0 70 9
24 19 94
8 72 34
27 94 2
61 16 15
52 25 43
60 15 37
36 71 59
69 19 97
85 98 92
12 16 43
82 61 16
7 81 40
42 91 75
51 95 66
32 80 78
29 33 2
24 37 34
92 3 72
14 23 18
46 87 72
1 75 93
80 18 68
93 77 16
89 47 97
31 78 64
9 4 50
85 40 27
17 48 68
62 83 15
29 66 47
26 98 9
15 82 4
11 10 12
54 44 92
27 15 65
20 21 76
86 74 81
25 79 23
39 42 34
83 1 78
79 92 13
93 54 32
39 69 8
39 4 90
88 60 1
86 35 25
51 23 42
28 65 29
47 94 38
70 74 14
37 62 45
3 21 60
79 68 18
17 18 86
76 56 94
65 10 72
0 57 55
30 25 25
92 83 45
56 67 85
60 91 36
17 20 80
70 69 18
94 1 87
52 40 48
81 68 1
30 0 86
10 19 17
3 0 87
7 13 5
10 48 92
88 58 34
54 27 97
6 94 92
37 90 73
75 34 73
46 27 23
12 89 52
91 70 63
29 97 9
59 59 14
90 66 63
89 74 36
91 28 19
68 74 53
22 58 37
31 84 26
58 63 12
26 40 0
68 16 74
50 62 46
1 91 63
76 38 87
20 44 90
84 86 26
70 23 38
80 26 27
59 77 8
17 72 68
11 34 97
18 74 46
98 65 13
23 62 49
33 59 32
35 26 6
21 91 28
98 71 63
28 58 33
84 44 11
76 41 52
11 37 95
13 54 1
99 93 88
69 98 93
33 78 68
61 2 98
77 95 82
38 73 71
98 19 84
47 60 95
64 51 18
36 56 49
47 24 36
9 21 33
16 58 29
16 54 88
26 51 4
8 73 6
3 8 96
43 21 96
10 29 64
52 20 90
39 75 84
21 23 27
44 70 11
30 35 64
37 52 16
26 39 85
73 76 6
49 93 18
13 69 14
2 2 8
57 17 74
15 1 44
99 84 80
38 30 48
70 7 0
61 14 46
11 30 71
89 16 77
25 42 52
86 27 41
58 58 23
57 75 42
60 79 74
20 31 53
79 22 46
34 28 18
64 25 18
51 37 19
10 71 94
80 56 91
14 90 83
16 72 31
69 34 76
7 96 9
87 49 39
8 75 58
45 48 97
56 77 25
32 8 71
70 6 96
98 50 82
56 41 66
2 99 58
53 29 91
31 21 85
63 70 24
57 89 68
8 26 33
22 6 83
77 81 48
49 61 55
73 15 62
46 10 93
73 49 32
92 92 86
35 15 47
78 81 22
70 15 33
0 7 88
98 13 91
48 26 43
32 91 70
55 55 42
30 91 49
55 13 9
78 45 59
9 24 86
97 45 60
56 97 33
29 28 75
81 58 1
30 27 54
8 81 77
24 40 49
34 9 37
23 49 68
35 34 44
69 67 22
31 28 88
81 53 17
36 77 16
67 65 71
56 1 38
80 56 67
41 10 3
47 38 67
96 25 83
25 63 87
45 57 12
20 66 89
91 17 32
38 7 4
43 50 97
72 21 92
83 18 26
13 75 26
86 11 70
81 76 73
41 62 14
80 12 90
79 52 86
37 17 23
70 98 35
42 52 83
61 49 63
34 25 69
93 62 31
73 19 77
1 5 43
74 27 11
38 50 65
15 12 61
75 94 40
44 24 9
26 35 37
39 11 29
95 42 61
28 23 35
7 8 33
17 94 65
64 38 57
51 99 37
61 38 27
64 3 76
2 81 63
86 80 34
86 3 9
26 31 91
28 43 86
30 58 91
1 90 9
54 99 69
89 29 73
0 6 10
79 5 80
17 11 15
96 45 21
22 91 60
14 61 41
66 69 79
3 1 32
76 58 70
22 76 97
21 83 30
32 92 34
86 28 62
95 38 56
31 32 49
8 56 10
49 4 56
57 18 37
2 96 70
58 50 1
5 52 13
68 70 27
26 83 54
56 77 57
75 30 81
12 43 14
63 14 24
94 80 45
15 67 53
98 13 9
95 67 80
73 18 2
99 34 69
50 2 71
53 21 73
32 22 21
47 40 72
32 89 60
32 1 80
56 45 1
10 54 66
83 86 54
22 1 0
87 69 57
63 30 0
32 28 14
79 12 28
9 36 90
78 38 61
17 42 9
66 2 9
12 17 30
9 76 93
48 93 96
34 39 90
80 26 80
16 53 84
19 78 36
96 92 65
9 3 4
56 45 75
71 51 84
90 22 75
3 49 10
51 4 82
99 63 47
99 10 92
69 31 48
1 86 92
35 30 91
40 88 87
49 25 18
46 53 3
80 15 17
44 44 65
66 29 97
16 2 67
94 85 26
85 9 81
76 27 71
58 65 23
15 53 60
14 97 80
39 28 98
63 33 87
33 94 77
67 7 3
35 23 92
60 46 58
47 16 32
73 92 40
10 42 32
85 93 44
92 37 78
59 97 12
30 23 85
20 16 78
43 34 59
22 48 52
41 43 41
66 49 45
73 77 53
78 62 57
56 26 69
70 52 6
28 14 3
10 65 25
25 76 23
64 62 41
20 46 60
87 84 3
40 81 65
54 53 80
7 58 85
8 3 18
10 40 63
10 77 93
68 1 93
18 88 56
17 99 58
37 62 86
49 71 20
90 51 79
9 46 53
38 78 61
72 6 44
72 47 72
61 87 83
29 82 10
0 29 91
62 80 10
59 92 11
65 63 9
78 81 94
73 63 41
71 24 11
9 53 96
92 28 69
44 85 9
60 25 80
49 34 59
21 94 80
54 16 68
7 69 62
2 80 11
76 75 53
84 38 12
0 83 0
60 40 95
71 60 26
81 57 18
96 94 38
23 55 40
28 3 4
69 99 43
13 40 64
77 63 74
65 5 23
68 16 51
3 37 88
40 89 46
63 28 13
76 8 92
66 93 82
88 36 9
52 51 16
45 51 8
30 54 86
95 89 76
22 30 4
28 64 74
58 75 37
6 22 82
22 71 26
11 53 9
37 94 8
71 49 10
19 8 0
9 61 48
89 81 11
86 51 33
88 27 91
50 24 13
77 3 38
8 42 71
87 56 70
42 74 59
38 91 67
93 12 11
31 54 65
32 27 65
87 42 27
80 98 20
85 84 61
87 39 67
27 46 14
54 74 87
60 24 12
80 50 39
74 67 6
68 99 97
45 16 14
58 5 83
66 25 23
19 65 6
30 40 52
59 18 53
9 55 72
41 64 69
80 65 52
59 40 71
99 79 1
96 52 48
83 29 6
87 12 49
49 21 97
26 70 12
79 91 68
93 20 72
32 17 12
68 94 8
64 29 55
43 43 12
21 48 99
85 27 65
29 23 53
63 85 39
65 43 13
40 30 72
70 76 34
19 98 34
25 10 30
27 68 33
70 40 24
28 8 57
23 77 23
12 52 27
84 54 78
73 62 63
83 69 86
82 44 79
95 51 1
87 35 85
54 62 42
50 98 71
45 50 41
74 78 82
12 39 29
36 76 29
82 91 59
39 63 52
51 78 37
42 13 97
99 59 67
68 53 30
32 43 86
90 29 11
47 20 84
72 5 83
64 87 64
70 15 73
50 3 48
92 9 80
31 38 52
51 90 27
46 23 42
4 35 11
31 26 93
23 42 51
78 37 88
35 67 76
80 34 45
7 90 35
98 65 26
92 74 69
11 23 10
89 59 41
8 98 22
86 35 35
10 29 97
82 79 51
40 87 2
79 20 14
60 33 30
82 86 35
15 35 78
10 93 85
24 93 80
68 17 29
85 17 36
91 83 95
50 9 31
19 34 42
10 76 70
50 65 68
79 76 79
69 26 46
47 39 38
37 29 88
9 26 78
41 64 97
12 71 89
97 28 14
61 1 84
69 92 36
49 87 59
10 32 9
22 38 64
28 55 17
99 21 29
17 98 10
62 9 45
8 66 22
28 10 1
59 18 80
24 16 68
54 11 50
77 25 51
17 8 86
21 7 41
15 3 8
65 35 44
67 7 98
81 47 46
64 40 31
34 5 40
68 20 89
76 25 89
89 24 76
68 72 2
78 13 24
99 38 93
8 72 22
41 88 65
34 65 30
22 2 37
41 23 42
34 42 3
75 87 88
54 62 38
19 73 32
86 62 52
59 46 38
65 49 77
56 29 81
96 7 1
77 27 80
40 57 91
26 78 6
99 45 12
24 14 96
4 93 90
45 32 86
44 6 32
45 42 16
30 77 40
40 21 48
59 15 66
47 38 55
47 24 76
46 27 96
7 40 64
67 82 68
32 65 66
98 26 76
60 32 19
69 0 57
46 49 75
41 0 38
27 51 17
94 23 76
2 50 43
16 1 30
96 29 61
41 79 43
62 9 69
13 28 67
52 62 71
88 28 80
28 39 74
51 64 23
87 3 25
78 83 62
94 15 13
57 23 89
79 26 63
10 69 33
30 42 81
80 60 92
99 65 8
4 57 55
36 71 23
53 55 60
10 28 16
85 23 85
18 87 91
6 58 51
54 36 44
62 63 93
85 5 99
23 56 87
68 53 99
62 16 88
92 77 90
43 24 32
56 9 6
44 52 48
84 74 18
62 3 66
22 32 51
37 50 20
91 74 76
90 83 92
18 30 17
40 9 4
75 82 64
90 20 86
95 83 25
23 72 17
48 70 98
15 36 54
39 56 5
22 10 27
13 29 84
55 72 59
11 31 29
55 81 85
74 0 77
92 54 25
59 13 11
43 80 51
80 80 40
96 39 71
83 17 52
83 31 36
2 30 14
13 20 64
31 63 76
8 65 70
65 83 24
32 57 65
0 40 41
83 4 34
1 12 46
74 28 57
89 60 6
69 60 46
27 17 5
66 82 12
77 62 5
97 39 78
58 82 56
87 96 8
28 71 68
44 52 29
81 58 43
39 56 65
92 14 64
34 53 43
40 67 37
54 31 31
90 38 59
89 78 75
32 96 46
86 18 91
74 47 62
34 98 54
57 14 99
37 82 31
32 43 37
66 23 86
87 30 5
72 3 79
80 93 64
91 94 12
2 86 80
95 74 18
46 97 48
46 48 0
37 91 81
12 63 78
81 31 21
7 65 76
18 24 74
85 94 55
17 95 99
23 74 44
73 53 35
71 69 63
46 3 69
56 48 48
97 66 86
17 68 14
78 56 47
69 20 54
82 40 67
15 79 19
42 57 7
82 38 40
34 52 37
96 99 30
60 50 59
81 42 16
53 62 40
16 67 99
77 84 24
81 41 44
53 31 5
5 0 36
42 1 92
69 43 81
68 75 62
84 15 58
54 0 50
1 37 41
71 64 99
2 22 17
89 26 88
5 24 48
23 48 89
26 61 97
89 68 30
2 31 84
42 17 17
86 95 32
48 15 95
96 84 93
28 85 27
26 19 13
38 44 39
43 73 83
83 60 36
99 94 34
8 1 80
15 58 26
14 75 91
1 9 13
63 63 70
22 56 4
54 99 78
92 79 83
70 88 69
40 14 63
88 0 47
45 61 90
61 69 3
69 61 77
98 91 50
99 77 92
8 29 80
19 15 87
75 71 98
35 26 36
71 7 13
35 32 70
45 48 76
24 72 36
27 83 42
15 35 35
35 78 94
30 3 15
30 8 70
80 58 86
67 87 42
51 87 75
27 89 97
21 55 49
78 8 16
51 56 12
20 21 1
81 73 60
55 30 41
7 28 58
98 2 48
36 80 51
0 61 53
68 37 35
48 34 79
68 86 65
6 70 2
83 2 7
30 49 28
65 35 21
18 3 14
61 9 61
43 66 93
16 20 99
60 73 36
98 24 84
21 48 24
28 89 51
77 66 95
68 47 16
41 8 20
65 71 44
57 10 30
98 39 63
94 66 0
29 28 25
47 91 17
81 74 43
83 52 2
66 64 29
67 57 47
38 68 46
54 21 36
52 51 56
77 98 67
7 93 53
24 69 32
10 74 87
74 37 21
27 61 39
96 76 91
82 56 95
54 86 27
34 22 89
59 53 19
91 22 24
55 34 50
48 21 39
71 68 31
0 0 30
74 61 90
17 52 52
0 27 22
63 59 47
80 70 45
73 92 92
71 61 68
76 85 28
63 11 26
59 75 87
76 38 3
18 90 66
13 9 82
96 53 3
95 5 91
41 96 31
68 17 21
44 42 2
63 80 41
53 89 42
96 14 45
87 52 19
7 41 72
87 92 61
29 66 46
52 0 86
70 19 61
84 54 66
97 96 92
59 2 70
92 99 12
37 59 73
18 60 76
54 8 30
70 4 17
84 82 73
10 72 48
19 60 50
94 83 61
84 32 31
36 92 62
73 74 93
22 93 75
32 52 16
74 27 28
79 68 18
78 58 31
24 47 4
69 58 92
30 24 54
75 94 55
9 44 57
10 84 79
40 43 11
0 79 19
95 47 60
34 48 64
8 98 71
64 48 98
10 43 13
56 80 85
56 73 96
92 29 40
95 76 27
20 5 36
71 75 3
34 28 3
63 72 44
92 88 90
26 98 13
53 80 32
82 23 38
17 59 52
8 62 93
47 71 17
12 41 15
55 95 14
68 29 73
33 6 60
71 42 7
33 23 11
82 34 70
72 50 59
19 24 7
18 58 93
18 79 44
63 54 60
26 26 7
47 8 56
90 77 61
98 0 39
21 97 72
70 11 66
21 15 7
27 58 13
53 18 49
49 35 0
99 33 33
70 0 26
28 96 36
87 92 77
83 34 4
33 34 9
42 17 56
97 79 80
16 10 70
72 39 3
66 94 47
79 52 80
60 37 39
77 69 24
60 97 35
79 23 85
75 69 16
84 30 49
99 84 73
75 90 71
14 18 72
62 6 95
51 35 13
57 69 98
5 42 23
88 44 27
37 6 93
27 81 60
77 2 74
56 6 11
93 33 10
86 4 74
34 33 39
16 18 61
36 46 30
10 76 9
86 48 37
65 30 71
87 2 27
73 11 71
62 38 91
45 25 42
88 58 34
46 93 63
57 4 85
66 73 39
48 91 3
9 38 98
35 91 38
26 73 8
86 84 34
3 6 65
77 83 38
52 43 77
43 97 77
8 80 41
21 65 55
82 37 43
56 11 77
24 41 85
8 26 12
14 41 94
66 94 70
76 73 29
30 62 96
48 29 20
79 86 10
44 99 38
74 73 13
8 64 25
96 16 95
56 92 35
50 80 68
18 48 98
18 70 91
21 46 31
69 81 87
39 42 49
82 33 24
6 40 59
62 1 96
29 83 44
14 85 9
36 60 70
15 38 32
4 27 84
40 31 91
43 17 87
39 19 67
16 11 85
55 38 22
36 51 81
52 11 82
9 40 90
63 98 99
28 68 90
11 52 38
85 17 72
67 14 16
72 96 0
19 98 16
27 84 79
2 81 32
1 13 23
76 47 90
99 92 82
76 80 26
33 96 54
3 58 44
70 81 0
95 35 53
1 95 27
95 32 23
67 19 3
52 70 73
24 38 68
49 40 99
29 18 4
6 13 73
17 48 20
27 24 34
48 85 51
25 67 3
37 12 87
89 2 3
60 42 38
48 92 83
73 86 76
28 92 25
63 16 74
37 71 65
28 77 74
53 26 17
55 49 12
33 10 25
41 21 57
41 25 81
91 79 77
54 96 13
41 32 2
2 18 77
37 53 64
84 2 73
94 52 34
99 69 57
24 21 49
50 73 14
7 21 97
54 14 59
79 85 88
3 86 11
21 11 62
12 73 64
64 98 60
25 47 53
20 17 7
35 0 80
71 3 94
82 88 10
66 18 36
82 41 39
37 98 95
37 60 99
33 90 10
21 78 20
86 75 66
50 0 26
62 83 12
99 54 24
52 92 86
46 87 18
82 89 50
23 8 42
30 3 31
41 95 2
20 2 47
78 34 88
39 39 71
74 14 65
97 59 76
65 44 11
70 43 72
54 3 65
97 96 64
76 94 63
27 5 54
15 68 59
26 98 74
28 27 31
77 48 21
41 98 42
83 80 5
9 57 44
39 95 44
14 92 91
52 67 38
58 61 2
78 25 96
85 6 16
65 4 73
94 63 42
0 45 21
37 70 15
87 21 74
78 84 20
90 91 57
45 59 72
76 58 97
42 19 68
84 20 54
18 4 37
81 95 70
98 64 56
71 98 32
94 49 89
26 8 31
99 11 91
72 38 87
36 21 97
78 45 21
73 35 5
56 37 33
32 72 3
36 71 39
12 76 76
90 82 15
62 1 65
36 31 59
67 82 66
7 1 15
9 18 46
59 20 32
64 14 52
14 13 96
82 9 35
83 92 67
22 39 31
8 27 35
16 27 52
61 52 54
66 13 79
51 50 5
25 8 86
31 26 19
82 35 67
36 64 24
87 96 64
64 84 75
86 26 70
0 10 13
22 96 64
57 86 9
37 5 37
81 99 97
82 84 53
89 61 50
53 67 32
19 40 45
3 89 18
81 86 32
32 54 18
80 19 7
19 85 36
71 24 91
65 30 25
64 27 95
99 28 5
81 6 18
50 89 14
35 31 12
43 48 81
58 76 79
53 54 90
37 7 10
82 94 60
43 52 28
17 32 13
99 98 28
20 5 27
55 49 1
12 4 68
85 53 82
55 7 23
26 71 63
57 90 59
69 67 67
25 72 65
93 45 19
74 53 70
27 85 15
64 80 52
56 17 49
47 23 5
83 67 4
21 62 31
68 80 3
64 34 80
34 66 1
37 71 45
20 26 70
73 2 25
95 49 63
93 70 20
91 91 31
41 71 20
2 82 37
18 85 69
86 41 12
45 59 70
69 34 20
68 76 79
17 64 35
24 18 63
80 59 19
87 81 70
94 43 82
16 26 16
49 21 65
24 86 40
24 85 48
51 12 62
3 29 73
23 45 77
92 60 26
62 6 64
95 80 95
62 42 51
42 76 43
23 8 71
89 24 14
59 70 14
50 96 22
87 41 82
27 93 67
86 63 80
90 95 52
46 66 45
84 71 25
99 28 88
26 62 17
96 56 50
87 88 72
68 1 94
60 39 83
76 31 84
53 38 72
69 12 44
20 51 11
27 97 43
64 54 71
78 99 60
2 15 87
35 95 58
70 24 60
11 7 64
12 12 54
57 88 99
57 93 86
34 1 98
69 15 46
41 26 18
38 98 11
16 88 45
87 71 85
95 98 90
14 10 67
84 18 35
46 27 8
80 23 77
2 50 62
34 54 8
49 6 78
69 94 30
27 16 95
27 60 59
84 12 96
38 42 8
82 16 98
77 5 71
26 16 26
29 77 41
29 19 72
66 37 40
58 41 65
33 28 68
22 17 64
92 22 50
92 62 12
81 29 3
87 84 38
9 54 61
50 26 31
53 64 25
52 43 24
28 49 75
84 84 72
98 72 84
15 74 9
80 2 32
97 77 6
79 81 82
68 50 10
64 73 20
86 80 22
90 23 26
58 39 35
95 0 42
21 97 59
64 1 85
9 88 65
47 58 30
91 43 23
77 6 78
24 7 12
49 36 90
5 50 15
47 32 31
66 53 77
42 60 1
37 45 13
41 52 15
30 52 66
4 21 70
60 87 60
71 56 85
28 58 46
84 31 14
22 52 34
46 51 51
83 23 23
45 49 55
82 15 19
26 57 99
2 93 71
17 40 21
13 43 70
9 47 73
65 39 63
84 2 58
46 73 80
92 40 80
23 33 47
65 75 13
80 82 22
61 96 81
92 56 83
95 96 47
88 16 77
2 71 6
61 25 92
88 59 90
14 57 96
17 78 79
71 39 32
61 92 79
37 10 20
37 53 22
82 65 45
78 4 13
46 97 71
0 20 81
55 24 15
74 90 74
13 14 0
95 74 10
64 26 80
2 98 28
43 14 80
14 63 23
58 69 92
98 43 93
29 85 22
0 5 85
16 63 28
7 81 29
95 76 36
18 5 34
4 5 53
3 8 93
97 15 54
41 67 9
2 24 88
26 56 50
59 65 2
13 74 33
11 19 34
26 12 79
17 79 36
26 14 75
68 96 27
96 63 46
43 2 58
51 20 44
74 38 15
66 56 44
45 15 48
33 11 15
79 22 83
29 40 31
30 74 94
28 25 57
31 25 34
70 67 67
47 74 25
78 61 87
97 69 61
98 43 97
16 66 59
59 91 99
80 29 95
74 26 72
74 92 59
80 64 56
40 60 6
13 29 61
48 48 43
32 52 27
6 89 19
84 20 0
55 90 82
75 32 94
56 60 8
80 23 61
32 25 87
10 97 42
68 72 66
49 24 56
27 90 88
13 61 62
99 31 91
76 87 57
12 12 10
95 98 74
80 37 78
39 13 13
50 64 26
50 11 62
59 65 15
75 22 59
19 91 0
14 22 8
64 23 12
30 16 13
35 74 70
3 56 27
86 6 38
22 98 2
2 42 35
11 39 60
61 27 70
44 40 27
14 60 28
68 7 46
28 96 41
76 13 0
26 93 34
24 11 74
13 58 5
40 38 10
2 66 67
1 75 54
48 49 75
80 1 23
4 3 88
45 66 14
8 10 9
76 90 13
30 78 95
2 55 39
93 53 60
49 27 20
8 89 61
24 25 87
50 6 4
7 24 44
75 67 16
26 59 45
78 68 64
30 25 77
14 60 12
82 86 17
44 85 14
4 83 82
44 16 99
69 19 64
11 75 93
52 51 1
75 53 73
63 5 20
41 69 7
60 36 2
79 81 61
48 60 17
95 93 20
20 74 18
52 25 35
35 91 7
7 12 60
4 2 79
24 34 35
8 16 22
12 33 33
74 32 19
60 27 86
36 40 44
0 45 9
78 2 71
87 62 73
17 49 96
60 79 41
79 59 45
65 20 40
76 19 76
11 23 50
85 63 73
49 32 47
22 45 61
68 35 57
0 76 13
25 14 31
63 59 50
75 68 47
52 73 95
76 85 45
8 24 36
33 27 33
99 95 50
3 37 16
63 97 73
74 46 86
35 56 83
90 6 97
76 25 38
73 44 68
99 32 16
37 16 8
13 31 63
31 12 44
84 37 21
91 29 2
54 30 82
62 47 91
70 61 42
84 70 31
44 57 19
1 2 53
34 73 24
49 36 42
43 48 39
36 55 46
37 10 37
27 50 70
58 63 16
8 57 81
86 0 74
40 29 77
46 82 56
47 23 95
39 13 70
3 56 88
76 62 91
49 46 83
4 3 44
12 33 56
50 58 64
26 17 88
63 43 27
12 63 75
90 62 69
51 99 47
3 53 26
59 11 64
3 55 93
64 17 66
94 42 15
33 31 69
72 68 9
22 32 24
53 74 90
17 49 3
35 26 46
31 2 84
19 11 92
59 64 35
79 0 52
22 59 89
15 22 35
74 54 11
79 3 17
52 56 65
24 6 64
35 34 46
59 83 86
78 60 79
65 36 0
13 86 55
91 40 80
21 23 43
21 11 73
25 92 50
54 95 11
47 52 80
45 4 63
21 73 94
17 82 47
93 20 46
26 95 57
25 43 64
82 4 46
9 12 96
97 43 3
67 45 35
79 78 55
88 44 70
77 67 66
11 88 14
81 1 22
7 59 2
91 88 3
27 52 74
99 7 16
16 95 87
48 9 77
70 34 72
10 83 90
53 0 57
73 31 78
62 94 96
36 76 39
83 68 70
97 87 90
15 4 7
59 23 69
15 36 99
59 9 61
59 32 69
32 84 89
31 20 27
23 8 61
38 58 38
17 73 13
30 62 8
6 26 2
61 60 89
46 2 78
79 87 72
90 41 7
33 76 40
13 10 99
8 94 45
94 56 74
50 74 89
56 14 14
27 36 92
25 12 10
37 11 62
84 87 16
60 75 15
46 74 87
14 1 55
34 26 34
35 32 63
5 80 66
0 42 68
40 96 19
25 52 76
4 73 44
95 29 93
82 94 24
81 22 18
38 78 47
55 45 25
96 74 97
84 50 49
76 45 11
55 35 79
42 17 93
23 47 6
44 22 76
16 6 34
65 85 57
89 74 42
48 94 33
36 39 70
67 9 64
91 89 31
55 83 51
60 43 28
43 53 13
5 20 81
28 30 8
23 63 51
42 40 35
92 52 8
88 7 37
21 84 26
54 74 60
39 40 57
2 89 5
19 42 86
3 66 31
69 82 5
66 14 72
18 67 77
87 41 25
82 54 83
16 14 79
77 21 31
89 54 65
32 28 5
85 74 7
10 6 66
42 94 12
74 90 15
32 29 16
60 41 48
93 49 26
43 71 75
20 80 25
61 46 47
3 90 6
73 87 89
77 99 15
22 92 71
54 26 24
40 87 41
79 46 54
46 53 98
31 69 21
27 49 33
78 43 18
0 49 82
19 31 95
96 87 38
22 41 41
46 1 78
23 11 15
56 42 81
43 71 80
25 25 15
73 75 16
30 8 21
24 1 19
74 44 22
20 17 48
18 74 12
78 9 40
67 35 91
8 96 61
24 73 82
40 12 98
3 89 50
97 80 17
68 24 11
17 54 4
5 73 92
92 0 53
22 45 49
25 7 15
31 14 90
34 93 12
44 19 7
24 15 88
52 84 9
21 65 31
24 80 2
88 23 56
21 73 31
3 17 89
15 86 40
92 12 21
18 18 20
58 73 12
91 75 29
68 89 54
99 92 92
95 80 45
55 0 37
75 38 16
2 69 83
52 71 53
17 14 19
71 60 49
79 33 33
30 30 40
62 12 56
51 38 48
47 59 74
44 12 44
33 41 58
31 77 54
16 78 13
36 52 17
82 73 91
55 36 71
34 92 26
41 63 69
39 81 42
40 90 22
3 49 38
65 16 53
7 12 37
52 97 99
8 91 86
81 73 70
60 28 83
74 21 73
96 49 92
65 71 27
85 19 53
61 16 38
45 35 55
62 46 54
45 71 67
20 8 44
73 69 98
54 2 98
98 9 30
92 16 96
39 80 62
22 81 89
45 70 90
32 73 5
39 49 12
94 50 35
74 94 38
12 85 73
72 39 97
68 29 4
11 32 70
21 39 94
25 60 53
15 46 57
66 48 8
85 95 37
80 15 7
43 11 14
52 84 29
66 6 79
79 43 3
63 75 10
52 95 12
13 54 27
20 86 47
95 83 91
41 44 17
5 86 89
91 98 59
64 3 70
1 96 5
65 25 16
87 27 29
11 60 85
80 68 52
71 78 81
80 28 15
97 16 25
43 86 12
59 22 42
30 68 57
98 80 77
73 13 30
80 18 8
95 8 54
95 16 89
65 25 30
43 90 3
34 37 58
39 47 42
54 24 88
42 7 14
10 45 88
83 66 43
63 61 46
59 31 59
12 94 14
69 81 39
38 14 7
54 95 47
45 12 24
23 24 35
54 26 31
86 30 40
34 39 6
96 88 71
45 57 91
2 2 19
89 80 59
46 24 42
79 44 93
60 92 59
10 10 85
66 3 30
29 47 28
66 48 82
23 14 4
31 10 44
2 1 6
84 3 46
51 74 11
80 96 42
17 22 2
6 90 70
98 1 4
56 47 54
32 12 91
4 87 44
88 86 56
41 66 56
3 70 32
87 0 48
59 9 92
29 50 22
12 13 50
87 58 94
47 34 93
83 11 85
15 11 43
69 95 13
38 89 72
80 91 84
77 9 46
59 32 70
2 48 65
6 82 82
5 43 99
21 12 93
92 96 68
4 7 95
71 34 83
73 96 2
20 36 18
91 23 67
45 30 17
94 36 67
18 50 7
37 66 46
78 19 49
31 34 61
32 53 93
94 37 4
5 84 72
63 29 67
73 36 45
15 96 66
68 22 74
76 30 33
22 99 63
67 53 11
1 7 62
97 96 82
58 39 29
82 19 29
5 0 62
40 55 68
98 59 27
41 54 60
63 13 89
75 26 44
64 27 34
0 8 88
49 34 3
93 3 34
67 47 16
10 88 84
65 86 57
69 76 20
91 14 66
11 67 73
82 73 7
81 76 37
15 86 69
52 44 72
84 72 88
69 58 48
2 64 50
4 7 60
67 83 46
6 72 13
58 8 18
39 41 55
8 65 58
54 52 64
1 3 89
46 59 5
82 45 41
58 73 18
64 32 21
16 40 80
87 0 70
67 34 24
75 35 42
42 98 76
98 42 19
98 46 65
16 92 27
20 93 40
65 44 32
18 53 67
47 54 58
35 22 73
95 17 9
69 45 23
69 12 16
35 28 64
13 13 41
13 84 97
26 65 70
82 49 91
92 29 59
42 52 67
94 47 40
19 44 41
37 50 75
53 64 87
42 43 34
56 20 11
52 84 41
67 22 57
41 52 71
35 42 77
21 41 53
57 4 7
61 31 7
63 10 86
28 6 30
7 95 64
23 31 8
22 73 77
78 95 11
14 0 81
92 80 24
80 84 65
23 13 39
88 65 39
77 27 26
60 21 45
71 22 64
37 59 7
72 18 76
50 54 93
29 64 61
87 70 14
21 83 12
96 75 85
24 77 30
29 7 27
67 26 78
15 35 65
43 89 52
95 50 48
36 5 84
59 9 73
43 13 89
71 50 63
9 22 68
39 38 88
89 97 18
75 95 29
42 61 29
37 25 95
38 15 32
29 29 86
8 3 81
11 20 90
73 61 90
58 8 78
18 33 25
26 62 50
55 45 18
31 65 24
4 84 41
14 26 72
71 70 77
4 18 11
10 11 15
14 30 26
20 69 81
80 41 54
49 54 38
28 13 53
33 8 83
7 72 66
52 3 12
43 96 10
47 70 86
26 8 1
25 21 68
62 69 72
88 85 27
71 89 45
24 77 15
53 39 33
90 83 99
58 99 34
17 13 97
63 82 35
32 14 7
82 70 22
95 7 1
24 69 6
90 56 30
77 42 12
15 0 52
56 16 58
61 13 55
65 7 21
68 56 4
31 45 23
62 88 61
47 13 76
5 96 51
24 20 14
4 24 52
81 58 17
79 86 79
98 65 4
73 90 22
24 23 46
95 35 70
88 11 31
18 1 84
79 58 10
90 4 59
44 95 30
45 84 30
63 21 8
68 91 74
49 51 11
48 75 37
91 25 15
68 48 98
43 56 33
35 43 17
77 21 4
22 67 53
4 88 59
45 39 72
4 52 67
23 15 41
29 70 63
33 37 82
29 39 63
65 42 50
49 83 37
9 32 79
22 50 97
81 13 23
6 49 80
87 69 67
96 91 90
2 47 20
95 74 98
30 44 46
96 94 17
74 47 46
35 34 67
91 42 2
16 69 18
84 95 71
71 96 92
59 83 78
11 75 9
16 57 52
2 11 92
88 13 28
34 60 3
8 11 73
25 69 55
20 91 2
77 73 17
35 49 84
72 19 49
20 57 8
30 99 3
64 25 98
87 24 94
23 16 76
6 23 75
86 23 41
72 35 12
99 95 34
69 26 81
24 2 28
75 79 54
27 4 40
67 49 2
28 57 99
78 65 6
81 85 78
1 88 86
72 75 19
87 91 72
24 2 90
36 36 61
16 51 67
91 59 24
4 59 72
48 30 54
86 69 70
94 88 76
82 79 13
28 51 66
39 66 34
64 93 25
89 43 29
10 42 60
98 36 37
21 93 3
88 47 5
93 40 12
97 57 97
7 73 10
9 5 89
10 60 52
59 61 97
94 76 77
82 90 87
12 66 54
91 2 99
75 90 34
26 57 86
55 69 12
20 97 44
55 45 30
51 77 62
12 0 89
3 29 80
62 2 92
6 93 1
56 35 56
42 12 15
65 22 7
19 81 49
98 78 16
84 33 21
7 25 76
1 87 90
84 79 54
96 38 19
9 22 17
15 6 37
7 98 80
76 82 77
16 89 69
15 78 52
85 55 95
30 48 77
89 72 27
39 1 9
31 58 64
71 15 55
25 11 25
80 3 49
7 82 44
60 49 23
0 2 98
12 55 53
94 15 17
69 59 6
22 83 52
5 56 88
12 96 75
10 74 7
17 16 31
12 60 57
72 99 4
49 48 90
59 89 85
17 48 96
80 78 26
40 12 22
14 87 10
96 60 19
47 93 44
57 33 90
36 7 68
52 68 39
61 83 85
72 35 50
30 12 28
51 32 26
63 60 88
87 63 20
39 99 57
98 76 10
84 80 31
27 50 57
28 19 81
36 50 80
26 7 8
36 57 85
28 30 84
10 94 76
36 86 51
55 66 37
5 76 36
76 2 20
50 44 96
58 86 60
40 28 90
73 57 6
47 36 74
53 27 65
11 31 32
43 19 25
91 49 16
74 38 54
20 49 84
14 32 37
28 5 77
62 13 46
83 9 72
24 24 51
68 94 46
45 48 85
8 56 13
54 45 61
87 71 72
42 52 44
37 51 75
31 0 81
18 7 63
