1 2 6
0 6 7
2 2 8
3 4 9
0 8 10
0 6 10
8 9 10
4 4 12
3 8 12
10 11 12
10 12 12
5 7 13
1 9 13
0 10 13
7 12 14
0 12 14
0 13 14
1 3 15
6 14 15
3 8 15
1 7 15
4 7 15
10 11 15
2 11 16
0 1 16
9 11 16
11 15 17
7 8 18
1 11 18
2 11 18
7 9 18
3 8 18
3 14 18
4 11 18
5 9 19
3 11 19
6 16 19
1 17 19
2 15 19
6 17 19
10 17 19
0 8 19
14 17 19
2 2 19
15 16 20
7 15 20
6 12 20
13 19 20
14 19 20
2 9 20
7 17 20
18 18 20
2 7 21
1 3 21
14 16 21
1 20 21
7 15 21
16 20 22
20 20 22
6 9 22
2 3 22
2 18 22
1 13 22
3 19 22
18 20 22
8 9 22
0 1 22
2 17 22
8 14 22
8 16 22
2 17 22
9 17 22
18 19 23
7 16 23
1 4 23
7 20 23
3 22 23
14 20 23
3 22 23
7 12 23
19 23 23
14 18 23
10 11 23
1 13 23
11 15 23
4 14 23
4 16 24
6 18 24
7 12 24
17 17 24
7 19 24
7 12 24
1 19 24
14 20 24
14 25 25
4 17 25
16 23 25
6 14 25
8 11 25
0 12 25
2 23 25
10 12 25
15 25 25
7 15 25
11 25 25
14 16 26
4 7 26
8 26 26
12 26 26
13 19 26
7 26 26
8 12 26
16 16 26
16 26 26
2 6 26
1 8 26
7 8 26
7 14 27
3 24 27
0 22 27
4 25 27
6 18 27
21 26 27
3 21 27
4 11 27
11 27 27
21 23 27
10 22 27
5 17 27
0 22 27
5 20 27
0 20 28
1 2 28
3 14 28
3 4 28
1 10 28
10 16 28
2 24 28
6 22 29
5 21 29
10 21 29
4 7 29
0 23 29
17 19 29
22 23 29
25 28 29
4 18 29
7 27 29
8 18 30
20 25 30
13 29 30
2 16 30
16 27 30
7 27 30
10 27 30
2 26 30
3 4 30
25 25 30
12 17 30
4 22 30
10 25 30
1 16 30
17 18 30
2 14 30
3 15 30
0 0 30
13 16 30
8 28 30
8 21 30
6 28 30
14 26 30
12 28 30
7 23 31
21 30 31
1 4 31
23 26 31
9 10 31
2 17 31
22 23 31
5 21 31
11 29 31
3 30 31
27 28 31
8 26 31
19 26 31
14 25 31
20 27 31
8 23 31
16 17 31
9 22 32
17 23 32
5 8 32
20 22 32
2 15 32
29 29 32
21 31 32
7 25 32
8 24 32
12 22 32
0 25 32
20 29 32
12 13 32
4 12 32
2 14 32
7 10 32
1 3 32
21 22 32
14 28 32
12 17 32
9 10 32
13 17 32
22 24 32
5 28 32
16 29 32
7 14 32
11 31 32
8 11 33
19 29 33
1 24 33
7 31 33
12 12 33
13 15 33
2 9 33
4 16 33
3 8 33
2 29 33
9 21 33
8 26 33
7 8 33
11 23 33
10 25 33
11 15 33
12 33 33
27 33 33
18 25 33
16 26 34
19 22 34
1 15 34
0 24 34
2 9 34
16 31 34
18 20 34
1 16 34
11 15 34
1 28 34
0 15 34
16 29 34
13 28 34
18 28 34
3 28 34
9 33 34
24 27 34
5 18 34
11 19 34
25 31 34
26 34 34
6 16 34
22 30 35
16 30 35
19 29 35
7 32 35
14 24 35
8 29 35
12 12 35
21 28 35
9 32 35
5 8 35
0 19 35
9 22 35
10 15 35
22 30 35
1 5 35
22 25 35
9 31 35
6 26 35
23 28 35
4 11 35
15 35 35
8 27 35
12 31 35
24 34 35
15 22 35
23 24 35
7 22 36
22 23 36
15 34 36
5 5 36
26 27 36
0 29 36
15 31 36
5 29 36
23 30 36
8 25 36
16 35 36
14 23 36
12 16 36
13 35 36
14 16 36
16 19 36
1 17 36
19 31 36
7 32 36
4 16 36
8 11 36
5 14 36
10 19 36
19 26 36
12 29 36
0 27 36
24 27 36
0 5 36
26 35 36
5 20 36
8 24 36
18 20 36
8 15 37
27 32 37
16 24 37
27 29 37
10 29 37
10 32 37
21 24 37
3 26 37
24 34 37
9 34 37
17 23 37
26 35 37
2 22 37
4 18 37
5 37 37
7 10 37
10 20 37
3 16 37
8 16 37
10 37 37
7 12 37
6 15 37
14 32 37
26 27 38
24 34 38
6 18 38
20 23 38
7 33 38
1 27 38
5 24 38
17 32 38
0 38 38
20 28 38
7 36 38
16 37 38
10 20 38
21 27 38
1 3 38
20 37 38
4 7 38
15 32 38
7 14 38
15 32 38
4 18 39
6 22 39
17 23 39
22 28 39
1 30 39
8 10 39
22 39 39
10 22 39
2 10 39
18 19 39
16 21 39
23 33 39
31 38 39
22 33 39
1 27 39
14 15 39
0 26 39
5 6 39
8 35 39
11 29 39
12 29 39
33 34 39
22 31 39
13 13 39
6 34 39
13 23 39
1 9 39
1 17 40
6 10 40
13 21 40
9 13 40
6 37 40
1 9 40
15 16 40
4 21 40
4 21 40
3 16 40
4 24 40
0 26 40
14 38 40
13 38 40
7 23 40
0 14 40
2 4 40
33 37 40
23 27 40
0 26 40
5 34 40
4 9 40
17 21 40
29 31 40
10 38 40
30 30 40
4 27 40
12 22 40
7 31 41
6 38 41
28 37 41
10 34 41
17 28 41
7 18 41
3 6 41
6 33 41
0 7 41
3 10 41
7 21 41
0 38 41
0 40 41
1 37 41
8 20 41
12 15 41
2 32 41
18 26 41
22 41 41
13 13 41
15 23 41
3 30 42
10 41 42
14 14 42
10 41 42
12 25 42
6 32 42
9 23 42
24 41 42
9 25 42
14 20 42
25 34 42
4 15 42
7 28 42
34 39 42
9 17 42
10 32 42
19 34 42
23 41 42
3 34 42
17 17 42
5 23 42
8 23 42
8 38 42
2 35 42
35 40 42
7 14 42
12 15 42
38 40 43
20 42 43
3 4 43
9 38 43
5 11 43
10 21 43
12 30 43
2 22 43
30 39 43
2 25 43
1 6 43
40 41 43
8 39 43
9 28 43
22 42 43
6 30 43
3 27 43
12 16 43
1 5 43
12 14 43
41 41 43
12 43 43
24 32 43
32 37 43
11 40 43
10 13 43
21 23 43
11 14 43
11 15 43
34 42 43
17 35 43
19 25 43
3 23 44
22 30 44
36 39 44
17 34 44
26 39 44
12 38 44
10 25 44
8 11 44
38 40 44
7 18 44
6 13 44
23 36 44
26 31 44
18 35 44
10 19 44
16 37 44
32 33 44
12 18 44
1 15 44
34 35 44
9 24 44
6 32 44
38 39 44
2 42 44
27 40 44
7 24 44
36 40 44
12 31 44
3 4 44
7 19 44
12 44 44
8 20 44
17 41 44
10 31 44
19 41 44
17 23 45
2 43 45
28 39 45
12 25 45
5 7 45
34 41 45
5 13 45
12 32 45
23 43 45
7 7 45
7 35 45
24 30 45
2 3 45
5 14 45
1 24 45
15 26 45
10 12 45
6 7 45
14 43 45
2 17 45
18 21 45
1 8 45
14 16 45
16 42 45
25 42 45
0 21 45
19 40 45
13 37 45
0 9 45
12 24 45
17 30 45
23 31 45
27 32 46
30 38 46
20 29 46
21 27 46
9 37 46
18 33 46
30 38 46
5 32 46
23 27 46
9 44 46
34 39 46
14 28 46
11 15 46
16 39 46
15 17 46
4 23 46
3 5 46
5 32 46
2 6 46
28 31 46
4 9 46
13 16 46
34 40 46
23 27 46
14 27 46
23 42 46
1 12 46
30 36 46
21 31 46
9 18 46
8 27 46
26 35 46
34 35 46
24 42 46
23 24 46
30 44 46
0 8 47
22 29 47
25 39 47
9 15 47
3 28 47
4 7 47
1 42 47
3 40 47
10 17 47
13 18 47
18 41 47
8 12 47
4 16 47
38 46 47
20 42 47
19 29 47
18 40 47
4 18 47
6 41 47
0 37 47
4 18 47
23 28 47
10 33 47
24 36 47
15 35 47
16 32 47
38 39 47
4 24 47
2 20 47
5 23 47
31 32 47
23 33 47
6 23 47
39 42 47
28 29 47
2 20 47
24 44 48
10 21 48
9 16 48
23 45 48
7 20 48
13 14 48
23 26 48
8 42 48
29 38 48
10 19 48
15 16 48
15 29 48
33 41 48
2 10 48
7 31 48
18 43 48
0 24 48
27 33 48
17 31 48
30 38 48
26 43 48
21 40 48
0 46 48
5 24 48
21 24 48
21 39 48
20 29 48
17 20 48
15 45 48
43 48 48
39 43 48
17 20 48
26 32 49
30 44 49
21 27 49
11 29 49
19 31 49
25 30 49
12 16 49
3 34 49
40 44 49
26 29 49
23 37 49
22 46 49
10 46 49
39 45 49
9 41 49
31 41 49
9 42 49
4 46 49
9 16 49
32 45 49
25 49 49
16 32 49
41 44 49
7 44 49
0 35 49
35 48 49
8 35 49
21 32 49
5 41 49
22 30 49
3 34 49
4 25 49
15 41 49
17 40 49
33 43 49
30 36 49
26 39 49
24 40 49
31 32 49
3 10 49
18 25 49
28 30 49
0 35 49
39 42 49
21 24 49
20 27 49
32 47 49
36 42 49
3 17 49
27 33 49
22 45 49
3 38 49
12 39 49
3 34 49
3 25 50
7 36 50
11 28 50
6 11 50
19 43 50
13 48 50
22 50 50
31 43 50
9 30 50
15 49 50
20 45 50
6 40 50
39 42 50
32 39 50
39 41 50
24 25 50
30 46 50
12 36 50
24 38 50
36 48 50
31 38 50
16 38 50
25 38 50
45 47 50
15 21 50
6 44 50
31 43 50
4 9 50
13 24 50
41 45 50
3 48 50
9 31 50
2 43 50
20 37 50
0 26 50
26 31 50
5 15 50
4 6 50
11 23 50
22 29 50
12 13 50
7 18 50
13 16 51
27 50 51
5 21 51
3 35 51
16 23 51
17 27 51
3 3 51
6 22 51
10 49 51
16 38 51
37 49 51
23 32 51
37 44 51
33 49 51
27 40 51
31 32 51
20 50 51
16 33 51
2 29 51
23 42 51
4 26 51
19 37 51
8 45 51
23 42 51
17 27 51
22 32 51
13 35 51
5 50 51
11 20 51
46 51 51
20 44 51
38 48 51
11 49 51
26 32 51
24 24 51
23 46 52
24 33 52
37 50 52
11 52 52
4 50 52
19 24 52
25 29 52
34 42 52
4 15 52
30 45 52
17 51 52
16 20 52
35 39 52
4 17 52
12 15 52
22 35 52
31 46 52
10 41 52
28 39 52
31 33 52
47 48 52
4 48 52
17 50 52
32 49 52
25 43 52
40 48 52
16 37 52
25 42 52
5 13 52
22 48 52
16 51 52
30 40 52
12 27 52
31 38 52
44 48 52
29 44 52
34 37 52
17 52 52
16 32 52
11 38 52
16 27 52
28 43 52
24 43 52
15 41 52
22 34 52
27 32 52
1 51 52
25 35 52
17 36 52
3 12 52
0 15 52
4 24 52
42 44 52
19 46 53
40 40 53
48 52 53
29 38 53
7 46 53
25 47 53
18 27 53
22 35 53
8 32 53
21 34 53
27 46 53
6 30 53
15 49 53
16 16 53
22 33 53
0 8 53
20 36 53
0 26 53
25 47 53
27 49 53
40 53 53
29 41 53
1 2 53
6 29 53
1 41 53
24 48 53
14 24 53
32 38 53
5 14 53
18 51 53
19 38 53
10 29 53
12 53 53
28 39 53
29 30 53
1 47 53
0 25 53
8 51 53
10 16 53
16 35 53
5 36 53
25 46 53
48 52 53
20 31 53
3 46 53
9 46 53
9 11 53
23 29 53
34 43 53
5 31 53
18 49 53
17 26 53
25 47 53
22 37 53
4 5 53
1 2 53
3 26 53
13 43 53
21 41 53
13 28 53
33 39 53
3 11 54
53 53 54
13 36 54
47 50 54
12 44 54
14 24 54
16 41 54
0 40 54
17 43 54
17 18 54
35 37 54
18 22 54
7 41 54
27 32 54
26 34 54
5 49 54
29 44 54
11 13 54
21 43 54
18 31 54
18 53 54
8 52 54
6 7 54
2 28 54
13 37 54
3 35 54
26 38 54
17 35 54
21 29 54
3 43 54
20 47 54
11 15 54
7 43 54
36 38 54
41 47 54
8 47 54
19 35 54
39 48 54
3 29 54
3 13 54
18 28 54
18 52 54
15 42 54
1 13 54
27 30 54
11 50 54
36 44 54
15 36 54
31 31 54
0 50 54
21 36 54
8 30 54
24 30 54
5 27 54
18 32 54
12 12 54
8 34 54
24 26 54
4 17 54
13 27 54
26 31 54
38 49 54
30 48 54
1 30 55
22 40 55
1 5 55
14 17 55
37 41 55
19 46 55
2 38 55
16 32 55
19 53 55
39 51 55
18 46 55
11 25 55
25 50 55
6 36 55
8 46 55
4 53 55
22 34 55
4 47 55
11 52 55
27 42 55
21 33 55
46 54 55
1 15 55
18 19 55
10 27 55
46 48 55
40 41 55
15 32 55
5 37 55
14 36 55
40 47 55
8 47 55
42 55 55
9 13 55
23 40 55
17 28 55
38 47 55
21 49 55
30 41 55
34 50 55
22 38 55
12 49 55
1 49 55
7 23 55
45 49 55
15 24 55
2 39 55
36 46 55
1 14 55
25 45 55
0 37 55
35 45 55
39 41 55
18 45 55
30 45 55
12 53 55
33 55 56
25 42 56
39 43 56
28 43 56
28 29 56
24 48 56
14 36 56
1 26 56
35 38 56
3 34 56
50 54 56
34 47 56
8 15 56
22 26 56
52 56 56
33 50 56
4 12 56
33 36 56
15 15 56
10 54 56
24 24 56
16 40 56
13 38 56
46 54 56
24 44 56
27 30 56
1 46 56
22 45 56
15 35 56
33 54 56
36 49 56
1 38 56
8 10 56
4 49 56
1 45 56
6 9 56
5 39 56
48 48 56
4 22 56
12 51 56
51 52 56
8 47 56
17 42 56
6 11 56
33 37 56
17 49 56
26 50 56
24 49 56
3 27 56
12 33 56
14 14 56
47 54 56
11 20 56
33 43 56
35 56 56
8 13 56
19 55 57
29 51 57
32 56 57
5 37 57
0 46 57
48 57 57
2 44 57
15 16 57
34 52 57
14 22 57
33 40 57
10 18 57
21 51 57
28 36 57
19 37 57
4 17 57
51 56 57
5 11 57
3 29 57
43 45 57
18 47 57
35 53 57
33 38 57
25 36 57
13 15 57
24 25 57
7 8 57
2 57 57
2 5 57
27 30 57
9 18 57
37 38 57
0 43 57
4 41 57
22 53 57
54 57 57
47 54 57
0 55 57
12 45 57
18 37 57
8 28 57
4 55 57
7 42 57
10 30 57
9 44 57
21 41 57
9 44 57
25 28 57
19 44 57
0 53 57
39 40 57
15 46 57
4 7 57
16 52 57
8 20 57
27 50 57
33 54 58
53 57 58
18 46 58
24 41 58
0 55 58
2 27 58
18 26 58
3 57 58
10 22 58
38 47 58
14 29 58
32 49 58
21 31 58
42 54 58
7 44 58
13 14 58
31 53 58
20 31 58
19 43 58
34 35 58
2 18 58
1 22 58
1 5 58
34 57 58
34 35 58
12 49 58
51 54 58
13 14 58
28 55 58
35 41 58
12 24 58
26 50 58
28 56 58
11 27 58
1 9 58
13 51 58
35 42 58
34 38 58
16 54 58
0 36 58
22 39 58
39 44 58
48 53 58
19 33 58
18 21 58
43 56 58
22 37 58
28 33 58
16 29 58
23 58 58
1 50 58
6 51 58
15 26 58
7 28 58
13 27 58
3 44 58
35 39 58
30 47 58
28 46 58
2 43 58
5 13 58
38 38 58
33 41 58
34 37 58
29 39 58
8 18 58
47 54 58
16 56 58
23 40 59
6 55 59
17 31 59
9 45 59
7 30 59
46 53 59
7 18 59
22 31 59
25 32 59
28 31 59
3 57 59
0 50 59
12 56 59
10 36 59
38 42 59
30 34 59
14 58 59
21 26 59
42 51 59
37 51 59
32 34 59
28 50 59
3 50 59
24 56 59
37 57 59
9 17 59
18 55 59
9 55 59
0 43 59
24 37 59
22 27 59
3 49 59
29 55 59
5 37 59
10 29 59
2 15 59
33 47 59
2 29 59
52 54 59
3 23 59
2 19 59
39 55 59
40 57 59
14 59 59
32 33 59
34 43 59
34 49 59
18 53 59
38 46 59
11 13 59
19 53 59
17 52 59
6 40 59
14 54 59
31 36 59
20 32 59
26 45 59
2 7 59
22 42 59
31 59 59
5 46 59
7 37 59
12 50 60
10 26 60
8 27 60
42 56 60
5 43 60
25 54 60
9 20 60
23 37 60
18 45 60
7 40 60
22 44 60
20 47 60
11 43 60
17 48 60
15 23 60
26 31 60
34 35 60
8 53 60
31 35 60
6 29 60
4 28 60
27 48 60
34 42 60
36 48 60
2 12 60
12 49 60
33 41 60
19 52 60
33 56 60
5 15 60
1 9 60
55 59 60
5 38 60
52 55 60
24 28 60
57 59 60
4 22 60
6 43 60
34 39 60
48 51 60
15 37 60
3 21 60
15 53 60
46 58 60
20 46 60
12 24 60
30 33 60
19 32 60
53 55 60
50 59 60
19 50 60
6 33 60
37 39 60
38 42 60
27 59 60
1 42 60
6 40 60
8 56 60
11 39 60
14 28 60
12 14 60
2 36 60
17 48 60
7 12 60
28 43 60
41 48 60
25 53 60
41 54 60
4 7 60
21 45 60
3 34 60
10 42 60
10 52 60
23 49 60
12 57 60
38 52 61
28 31 61
9 30 61
5 11 61
0 13 61
41 54 61
23 49 61
14 29 61
49 58 61
14 47 61
24 52 61
49 58 61
41 46 61
13 25 61
10 12 61
2 54 61
10 31 61
36 52 61
32 51 61
39 61 61
39 46 61
27 45 61
12 19 61
2 59 61
0 53 61
7 31 61
4 8 61
35 59 61
20 38 61
13 21 61
11 51 61
9 32 61
11 44 61
0 15 61
9 9 61
23 53 61
23 36 61
22 32 61
54 54 61
11 18 61
45 47 61
14 35 61
15 16 61
14 46 61
49 55 61
12 15 61
27 38 61
14 41 61
9 48 61
0 53 61
9 61 61
27 39 61
16 18 61
2 58 61
52 54 61
9 54 61
13 29 61
22 45 61
9 59 61
8 23 61
46 47 61
16 38 61
31 34 61
7 31 61
29 42 61
13 55 61
36 36 61
45 54 61
38 57 62
34 34 62
3 36 62
30 33 62
33 57 62
35 52 62
12 22 62
21 22 62
2 46 62
26 52 62
5 45 62
43 48 62
14 45 62
27 47 62
18 26 62
17 35 62
14 44 62
23 50 62
3 42 62
13 20 62
19 32 62
17 62 62
12 12 62
37 38 62
45 62 62
29 41 62
13 36 62
43 47 62
15 22 62
30 60 62
1 51 62
4 47 62
10 60 62
0 19 62
47 57 62
8 59 62
16 34 62
38 42 62
6 26 62
22 33 62
43 53 62
41 59 62
10 21 62
31 46 62
6 49 62
32 60 62
0 39 62
18 39 62
9 60 62
23 42 62
17 56 62
37 45 62
46 50 62
23 49 62
14 41 62
42 54 62
9 45 62
38 54 62
40 53 62
11 21 62
21 31 62
12 51 62
42 51 62
17 26 62
2 50 62
13 61 62
11 50 62
8 30 62
11 37 62
12 56 62
46 54 62
1 7 62
0 5 62
26 50 62
13 46 62
14 17 63
15 25 63
11 35 63
17 30 63
10 55 63
4 43 63
54 58 63
7 37 63
30 52 63
27 37 63
5 40 63
23 56 63
27 62 63
19 33 63
5 47 63
28 49 63
42 48 63
2 24 63
5 22 63
43 56 63
10 56 63
13 60 63
39 53 63
32 52 63
16 32 63
29 51 63
34 62 63
44 50 63
2 41 63
43 44 63
21 57 63
23 55 63
28 49 63
23 30 63
7 13 63
4 41 63
42 57 63
51 56 63
12 58 63
49 61 63
14 24 63
0 30 63
10 40 63
13 28 63
39 52 63
14 40 63
47 59 63
11 26 63
54 60 63
18 24 63
14 23 63
16 28 63
5 20 63
50 59 63
13 31 63
16 58 63
27 43 63
4 45 63
32 35 63
23 51 63
46 61 63
8 21 63
29 39 63
7 18 63
21 55 64
27 51 64
26 29 64
48 54 64
26 42 64
53 55 64
26 32 64
20 30 64
16 32 64
14 22 64
12 58 64
29 45 64
11 24 64
34 35 64
36 44 64
17 61 64
37 46 64
17 41 64
26 35 64
22 50 64
26 29 64
28 28 64
41 61 64
13 51 64
13 26 64
28 51 64
6 21 64
19 50 64
52 60 64
28 46 64
58 60 64
3 4 64
23 61 64
32 38 64
15 36 64
1 38 64
36 59 64
20 29 64
42 48 64
35 58 64
18 51 64
10 29 64
30 35 64
18 25 64
38 57 64
41 62 64
13 40 64
29 55 64
22 38 64
31 40 64
7 40 64
23 51 64
13 20 64
34 48 64
8 25 64
37 53 64
14 52 64
24 36 64
17 35 64
6 62 64
7 11 64
17 22 64
25 53 64
26 50 64
12 23 64
50 58 64
11 59 64
35 59 64
6 24 64
25 43 64
27 34 64
2 50 64
52 54 64
21 32 64
28 35 64
29 61 64
31 58 64
27 59 65
23 49 65
17 62 65
31 64 65
46 53 65
31 52 65
38 41 65
33 60 65
40 53 65
5 45 65
14 47 65
8 60 65
20 42 65
20 28 65
18 54 65
1 11 65
2 13 65
38 61 65
54 64 65
4 61 65
41 61 65
9 57 65
9 15 65
23 64 65
25 41 65
45 61 65
17 56 65
24 45 65
12 27 65
8 33 65
23 25 65
51 63 65
32 63 65
35 43 65
12 19 65
1 42 65
38 60 65
12 58 65
9 42 65
12 57 65
5 53 65
10 18 65
34 44 65
3 44 65
56 61 65
15 27 65
28 29 65
38 50 65
44 44 65
23 58 65
10 25 65
9 63 65
5 23 65
31 54 65
27 32 65
6 19 65
13 43 65
35 44 65
30 34 65
32 57 65
39 56 65
21 35 65
3 6 65
21 55 65
11 44 65
3 54 65
1 62 65
25 30 65
21 49 65
41 58 65
39 63 65
2 59 65
15 59 65
20 40 65
52 56 65
0 36 65
21 31 65
16 53 65
16 25 65
25 30 65
2 48 65
8 58 65
32 44 65
15 35 65
24 31 65
7 21 65
42 50 65
7 22 65
27 53 65
17 20 66
12 25 66
1 13 66
17 43 66
32 32 66
27 42 66
56 62 66
50 57 66
6 49 66
2 13 66
35 48 66
13 47 66
28 65 66
41 56 66
0 48 66
10 52 66
40 41 66
28 38 66
6 65 66
9 31 66
7 21 66
11 19 66
4 51 66
54 65 66
3 46 66
42 49 66
35 57 66
46 60 66
9 42 66
32 33 66
12 34 66
19 66 66
10 53 66
4 31 66
19 51 66
2 34 66
17 41 66
3 27 66
29 47 66
41 56 66
10 54 66
2 9 66
45 49 66
23 25 66
8 22 66
15 59 66
32 65 66
3 62 66
29 64 66
29 46 66
18 36 66
1 34 66
45 46 66
37 40 66
30 52 66
44 56 66
16 59 66
14 45 66
17 64 66
3 31 66
6 10 66
8 48 66
3 30 66
41 56 66
37 46 66
28 51 66
34 39 66
12 54 66
37 55 66
25 42 67
32 40 67
28 30 67
12 39 67
4 44 67
31 48 67
22 24 67
7 7 67
20 28 67
5 13 67
22 48 67
42 53 67
63 66 67
5 66 67
42 63 67
40 46 67
37 63 67
52 59 67
14 20 67
42 53 67
32 61 67
16 60 67
11 29 67
1 50 67
20 65 67
18 26 67
14 16 67
6 42 67
21 46 67
17 66 67
39 52 67
0 25 67
1 19 67
60 62 67
53 55 67
36 55 67
14 51 67
6 33 67
30 44 67
33 47 67
18 60 67
18 55 67
4 28 67
21 43 67
25 36 67
54 64 67
29 40 67
21 32 67
38 53 67
38 47 67
15 53 67
2 16 67
3 7 67
13 28 67
37 40 67
47 57 67
19 39 67
14 16 67
3 19 67
3 25 67
38 52 67
32 53 67
10 14 67
9 41 67
2 66 67
35 45 67
9 64 67
29 63 67
11 53 67
16 47 67
24 34 67
18 53 67
42 52 67
22 57 67
22 53 67
4 52 67
34 35 67
2 49 67
16 51 67
14 65 68
21 53 68
16 20 68
32 60 68
30 60 68
12 18 68
18 34 68
39 44 68
5 16 68
44 46 68
41 49 68
39 52 68
4 27 68
10 37 68
48 55 68
11 17 68
5 39 68
8 52 68
51 61 68
16 37 68
21 31 68
19 41 68
26 55 68
9 52 68
8 46 68
8 36 68
21 55 68
7 25 68
64 67 68
4 5 68
22 24 68
19 41 68
7 8 68
21 29 68
0 51 68
32 42 68
20 45 68
37 53 68
1 49 68
0 43 68
10 15 68
10 43 68
6 19 68
46 59 68
0 59 68
0 6 68
56 58 68
36 40 68
28 53 68
8 20 68
41 64 68
26 50 68
17 48 68
23 49 68
16 54 68
16 51 68
27 33 68
30 53 68
17 29 68
50 65 68
16 24 68
14 17 68
35 37 68
16 47 68
38 46 68
17 21 68
24 38 68
15 59 68
19 42 68
4 12 68
28 33 68
10 50 68
7 46 68
35 57 68
0 42 68
11 24 68
4 29 68
30 57 68
40 55 68
9 22 68
21 25 68
4 56 68
7 36 68
39 52 68
12 31 69
26 42 69
35 62 69
1 14 69
19 49 69
11 18 69
22 44 69
10 49 69
4 21 69
11 12 69
26 65 69
21 32 69
52 55 69
22 61 69
12 48 69
29 61 69
6 13 69
13 37 69
4 61 69
5 67 69
5 40 69
7 57 69
1 55 69
41 42 69
15 34 69
53 56 69
37 58 69
1 39 69
2 17 69
5 60 69
4 16 69
29 40 69
21 33 69
52 52 69
26 59 69
33 40 69
31 63 69
3 49 69
19 50 69
4 39 69
22 62 69
22 47 69
15 46 69
6 33 69
9 41 69
26 35 69
17 47 69
26 47 69
3 47 69
8 38 69
32 46 69
21 52 69
11 56 69
32 58 69
8 39 69
13 14 69
22 67 69
25 34 69
31 48 69
26 56 69
7 62 69
41 64 69
26 46 69
0 57 69
9 62 69
10 33 69
46 60 69
3 46 69
20 54 69
3 61 69
24 32 69
67 67 69
20 34 69
12 44 69
15 46 69
19 64 69
7 41 69
31 33 69
23 59 69
32 59 69
21 31 69
41 63 69
48 58 69
23 45 69
12 16 69
6 24 69
16 18 69
25 55 69
12 55 69
6 59 69
44 55 70
49 65 70
11 28 70
23 56 70
6 64 70
44 51 70
7 39 70
22 54 70
26 58 70
15 52 70
12 67 70
8 38 70
10 43 70
7 19 70
5 43 70
33 64 70
5 16 70
44 69 70
31 42 70
5 56 70
0 46 70
6 9 70
0 20 70
9 47 70
18 28 70
4 62 70
54 55 70
34 54 70
34 49 70
67 68 70
29 58 70
8 14 70
44 64 70
53 57 70
0 51 70
10 40 70
2 37 70
12 69 70
47 61 70
39 58 70
55 63 70
37 54 70
16 20 70
7 68 70
5 37 70
34 62 70
36 67 70
66 70 70
16 25 70
40 55 70
24 68 70
4 22 70
18 28 70
39 63 70
16 48 70
66 69 70
41 56 70
32 46 70
7 69 70
38 49 70
52 69 70
0 9 70
18 69 70
23 38 70
11 44 70
0 7 70
24 63 70
15 33 70
27 68 70
6 52 70
12 26 70
24 40 70
8 65 70
63 63 70
32 35 70
8 30 70
2 6 70
19 61 70
2 59 70
4 17 70
11 66 70
0 26 70
10 16 70
36 60 70
15 37 70
20 26 70
45 59 70
14 59 70
24 60 70
4 21 70
13 43 70
67 67 70
27 61 70
42 61 70
27 50 70
13 39 70
36 39 70
11 32 70
3 64 70
3 32 70
32 59 70
26 65 70
29 63 70
38 48 71
1 18 71
34 37 71
9 48 71
22 23 71
3 32 71
2 37 71
36 43 71
4 54 71
5 14 71
29 64 71
23 49 71
31 44 71
5 66 71
50 62 71
69 70 71
60 70 71
3 68 71
25 28 71
17 71 71
20 61 71
48 54 71
1 37 71
36 55 71
57 58 71
26 48 71
30 47 71
37 54 71
10 66 71
26 36 71
22 68 71
27 59 71
14 29 71
11 21 71
20 35 71
13 51 71
6 44 71
11 32 71
47 71 71
21 26 71
25 32 71
17 55 71
46 49 71
23 43 71
35 42 71
15 71 71
44 45 71
36 59 71
11 30 71
8 32 71
65 67 71
2 50 71
20 49 71
11 24 71
26 60 71
22 26 71
10 49 71
8 42 71
40 59 71
52 62 71
23 36 71
28 68 71
63 69 71
7 13 71
44 65 71
31 68 71
61 68 71
17 47 71
7 42 71
30 65 71
37 65 71
39 39 71
36 39 71
26 63 71
37 45 71
20 41 71
8 23 71
54 64 71
2 6 71
32 39 71
52 53 71
49 60 71
36 55 71
27 65 71
45 67 71
41 52 71
22 64 71
50 63 71
15 55 71
13 57 72
1 7 72
10 64 72
7 20 72
28 54 72
4 51 72
25 51 72
4 13 72
21 42 72
61 69 72
54 56 72
2 8 72
3 43 72
23 46 72
0 37 72
16 43 72
12 47 72
51 69 72
33 67 72
56 67 72
13 20 72
26 41 72
4 19 72
24 37 72
5 7 72
25 50 72
39 58 72
21 38 72
58 58 72
35 68 72
2 39 72
5 63 72
9 12 72
7 60 72
1 3 72
25 64 72
11 26 72
16 52 72
27 38 72
50 52 72
46 63 72
12 13 72
46 50 72
48 49 72
6 23 72
41 52 72
42 53 72
58 71 72
39 55 72
34 57 72
11 23 72
12 28 72
12 67 72
12 44 72
47 48 72
5 42 72
37 57 72
3 65 72
4 59 72
52 55 72
1 54 72
33 39 72
42 44 72
0 15 72
25 38 72
10 58 72
8 34 72
10 65 72
17 68 72
16 31 72
40 47 72
6 44 72
47 72 72
9 55 72
30 40 72
2 68 72
8 22 72
17 23 72
55 59 72
24 36 72
7 41 72
10 48 72
44 63 72
50 59 72
3 39 72
14 18 72
43 70 72
45 59 72
3 32 72
25 65 72
38 53 72
19 29 72
66 68 72
9 68 72
34 70 72
14 66 72
44 52 72
6 13 72
14 26 72
7 66 72
62 69 72
39 45 72
19 49 72
12 35 72
4 59 72
35 50 72
40 59 73
36 72 73
16 18 73
10 20 73
19 32 73
9 46 73
47 50 73
16 55 73
43 72 73
4 17 73
52 64 73
28 60 73
2 67 73
6 55 73
57 59 73
15 26 73
44 73 73
29 70 73
12 20 73
54 67 73
59 63 73
5 10 73
18 57 73
24 70 73
19 57 73
2 17 73
8 53 73
21 26 73
15 59 73
7 29 73
24 60 73
58 60 73
9 30 73
60 72 73
35 53 73
19 31 73
58 72 73
5 42 73
21 48 73
16 32 73
46 67 73
1 26 73
8 35 73
49 72 73
53 73 73
3 58 73
21 48 73
44 64 73
0 7 73
48 56 73
14 73 73
10 48 73
30 53 73
31 58 73
4 29 73
1 2 73
7 21 73
40 60 73
8 43 73
13 39 73
7 34 73
18 36 73
14 71 73
17 51 73
7 33 73
38 71 73
6 8 73
15 62 73
32 49 73
2 18 73
21 53 73
41 63 73
62 63 73
15 70 73
19 32 73
35 53 73
36 60 73
37 59 73
29 68 73
11 71 73
39 66 73
8 26 73
52 70 73
6 13 73
14 50 73
12 64 73
4 65 73
5 35 73
2 25 73
3 29 73
20 64 73
9 47 73
44 68 73
24 34 73
11 21 73
13 17 73
4 44 73
21 31 73
12 58 73
5 32 73
13 30 73
36 45 73
11 67 73
18 58 73
22 35 73
9 59 73
8 11 73
7 10 73
6 57 73
23 25 74
2 61 74
16 45 74
13 24 74
44 72 74
27 29 74
0 50 74
0 61 74
1 2 74
16 52 74
6 43 74
18 33 74
52 72 74
2 6 74
30 65 74
35 49 74
52 72 74
35 70 74
6 67 74
12 63 74
22 32 74
19 65 74
61 70 74
7 39 74
47 48 74
2 69 74
36 42 74
17 47 74
50 56 74
0 39 74
65 67 74
26 63 74
24 52 74
66 73 74
0 34 74
3 34 74
45 63 74
12 40 74
58 70 74
23 46 74
14 70 74
53 68 74
16 68 74
18 46 74
17 57 74
11 27 74
28 64 74
42 59 74
6 67 74
28 39 74
28 57 74
47 62 74
18 24 74
23 44 74
21 37 74
27 28 74
13 73 74
16 63 74
14 65 74
53 70 74
9 15 74
13 33 74
15 38 74
25 47 74
26 72 74
35 70 74
11 24 74
18 20 74
19 32 74
11 54 74
27 52 74
54 60 74
22 44 74
12 18 74
47 59 74
21 73 74
11 51 74
22 68 74
46 47 74
7 10 74
36 47 74
38 54 74
16 72 75
11 61 75
49 50 75
14 20 75
23 60 75
33 68 75
21 53 75
57 73 75
22 46 75
61 66 75
30 51 75
2 25 75
18 60 75
55 60 75
51 66 75
17 23 75
49 58 75
35 60 75
49 53 75
45 49 75
49 63 75
44 50 75
7 12 75
31 43 75
37 40 75
43 58 75
54 61 75
1 24 75
4 54 75
55 63 75
32 35 75
31 70 75
8 34 75
42 48 75
37 63 75
4 41 75
22 74 75
57 68 75
22 28 75
2 35 75
12 33 75
26 29 75
22 40 75
4 28 75
14 48 75
12 41 75
10 55 75
13 55 75
34 68 75
8 22 75
37 49 75
14 27 75
38 65 75
22 73 75
54 61 75
6 70 75
45 70 75
7 58 75
21 75 75
12 54 75
33 34 75
1 46 75
53 73 75
0 35 75
6 15 75
5 50 75
34 73 75
42 57 75
8 58 75
28 29 75
13 26 75
45 56 75
37 58 75
46 49 75
62 68 75
3 71 75
16 69 75
28 49 75
13 65 75
14 26 75
22 59 75
1 54 75
48 49 75
16 67 75
53 73 75
47 68 75
12 63 75
15 60 75
43 71 75
16 73 75
16 38 75
10 63 75
26 44 75
35 42 75
37 50 75
37 48 75
9 11 75
6 23 75
19 72 75
37 51 75
2 73 76
33 65 76
3 44 76
70 74 76
44 67 76
21 45 76
50 72 76
9 66 76
26 73 76
11 50 76
12 43 76
15 60 76
19 72 76
33 45 76
28 76 76
30 74 76
59 76 76
44 59 76
24 68 76
31 39 76
1 73 76
39 62 76
21 65 76
24 36 76
1 37 76
23 50 76
72 75 76
3 11 76
72 73 76
31 40 76
58 71 76
2 67 76
59 67 76
14 66 76
4 52 76
42 52 76
39 52 76
4 7 76
70 72 76
49 58 76
10 14 76
3 13 76
6 68 76
30 41 76
23 66 76
39 58 76
3 48 76
4 52 76
51 75 76
0 33 76
37 72 76
6 28 76
49 62 76
4 29 76
6 9 76
20 29 76
20 21 76
41 52 76
6 73 76
34 69 76
3 64 76
58 70 76
27 71 76
23 25 76
53 75 76
34 70 76
29 36 76
35 67 76
10 70 76
24 47 76
31 63 76
7 65 76
45 48 76
3 38 76
18 60 76
9 10 76
29 73 76
12 76 76
42 43 76
0 13 76
19 76 76
0 13 76
25 38 76
36 39 76
33 40 76
25 52 76
11 45 76
22 44 76
30 33 76
20 69 76
18 72 76
13 47 76
16 23 76
7 25 76
5 36 76
2 20 76
26 41 77
42 56 77
44 55 77
0 46 77
14 38 77
2 67 77
51 62 77
29 62 77
64 65 77
18 73 77
50 51 77
19 69 77
60 68 77
13 14 77
48 66 77
25 32 77
6 65 77
26 34 77
12 47 77
8 26 77
31 62 77
18 32 77
32 48 77
4 14 77
0 33 77
17 60 77
15 19 77
54 72 77
19 41 77
16 55 77
16 24 77
14 29 77
6 9 77
53 54 77
13 70 77
26 48 77
5 73 77
36 64 77
37 73 77
6 53 77
8 22 77
13 58 77
26 33 77
1 32 77
13 48 77
1 19 77
34 75 77
45 63 77
57 64 77
23 37 77
13 13 77
45 60 77
38 39 77
8 16 77
50 75 77
53 61 77
37 49 77
42 72 77
8 59 77
25 56 77
16 36 77
19 73 77
56 57 77
53 73 77
63 74 77
3 38 77
23 23 77
25 51 77
49 65 77
30 40 77
0 74 77
5 62 77
61 69 77
24 69 77
2 74 77
43 52 77
11 56 77
28 74 77
2 18 77
21 48 77
23 45 77
5 71 77
29 41 77
53 66 77
25 30 77
29 40 77
66 67 77
9 48 77
18 67 77
21 31 77
31 54 77
9 46 77
35 42 77
22 73 77
26 27 77
24 30 77
70 71 77
15 24 77
12 42 77
4 21 77
17 73 77
51 62 77
30 48 77
5 28 77
30 67 78
5 70 78
3 25 78
44 73 78
69 77 78
39 75 78
37 59 78
28 75 78
53 66 78
20 45 78
64 70 78
20 33 78
22 54 78
42 65 78
51 60 78
11 38 78
19 54 78
16 22 78
46 48 78
5 58 78
21 63 78
3 4 78
38 41 78
20 22 78
20 73 78
41 60 78
32 52 78
18 64 78
8 52 78
24 72 78
56 67 78
53 65 78
28 65 78
51 68 78
44 70 78
6 50 78
34 61 78
8 34 78
39 47 78
53 76 78
34 63 78
30 37 78
6 73 78
28 68 78
11 21 78
7 50 78
16 37 78
23 52 78
4 23 78
0 9 78
14 25 78
44 45 78
54 77 78
53 54 78
9 52 78
6 20 78
1 63 78
28 54 78
11 55 78
43 68 78
7 35 78
31 64 78
33 68 78
45 59 78
38 61 78
19 36 78
16 20 78
57 62 78
38 61 78
37 51 78
15 35 78
9 26 78
13 24 78
6 26 78
12 63 78
47 56 78
8 16 78
31 58 78
20 21 78
21 45 78
6 49 78
6 77 78
4 13 78
64 68 78
2 71 78
31 73 78
2 46 78
38 47 78
18 43 78
1 46 78
9 40 78
13 16 78
19 49 78
26 67 78
8 58 78
6 65 78
15 52 78
26 69 79
30 68 79
13 15 79
22 44 79
27 30 79
3 16 79
8 63 79
40 49 79
24 75 79
22 29 79
26 51 79
33 43 79
1 40 79
50 68 79
4 17 79
30 35 79
4 75 79
9 21 79
8 26 79
0 33 79
9 33 79
4 38 79
43 67 79
22 72 79
58 65 79
3 13 79
61 72 79
12 73 79
42 59 79
5 47 79
10 23 79
50 76 79
49 76 79
27 69 79
3 51 79
60 62 79
33 55 79
20 34 79
62 68 79
6 16 79
18 31 79
11 14 79
2 38 79
31 78 79
0 70 79
16 18 79
2 46 79
32 55 79
69 73 79
37 64 79
50 78 79
73 76 79
69 75 79
34 66 79
14 73 79
64 77 79
2 25 79
42 54 79
3 9 79
16 68 79
51 72 79
15 39 79
43 46 79
7 46 79
1 8 79
23 25 79
18 68 79
60 74 79
22 46 79
66 69 79
12 28 79
14 20 79
76 79 79
41 43 79
26 63 79
3 72 79
15 19 79
34 48 79
18 68 79
0 19 79
18 44 79
13 66 79
58 76 79
68 76 79
17 78 79
12 26 79
17 36 79
2 4 79
41 60 79
45 59 79
0 52 79
3 17 79
60 78 79
55 78 79
35 55 79
14 16 79
46 54 79
33 33 79
6 66 79
3 43 79
10 58 79
9 32 79
54 75 79
47 61 80
5 39 80
35 75 80
55 65 80
54 64 80
12 56 80
31 47 80
5 55 80
21 77 80
18 49 80
13 34 80
56 59 80
4 66 80
53 56 80
60 67 80
20 73 80
38 57 80
14 65 80
43 52 80
69 73 80
8 13 80
12 25 80
26 49 80
58 62 80
19 54 80
18 23 80
5 48 80
22 42 80
5 61 80
30 51 80
46 73 80
12 73 80
2 71 80
5 69 80
6 64 80
14 47 80
10 14 80
24 74 80
47 47 80
52 65 80
23 26 80
18 41 80
17 64 80
18 22 80
39 56 80
41 78 80
17 41 80
68 76 80
4 39 80
14 55 80
29 71 80
14 54 80
52 60 80
2 56 80
20 64 80
37 59 80
8 46 80
6 57 80
32 78 80
18 68 80
17 20 80
26 27 80
56 67 80
5 79 80
1 32 80
26 80 80
15 17 80
53 54 80
10 62 80
25 60 80
2 11 80
39 50 80
52 65 80
34 45 80
18 59 80
27 77 80
43 51 80
40 80 80
1 8 80
8 29 80
36 51 80
45 70 80
41 63 80
32 53 80
52 79 80
8 41 80
50 68 80
26 76 80
0 35 80
7 19 80
52 64 80
3 68 80
34 64 80
19 59 80
23 77 80
2 32 80
46 73 80
26 64 80
14 43 80
56 64 80
23 61 80
37 78 80
1 23 80
47 52 80
5 66 80
20 25 80
43 71 80
2 24 80
39 62 80
7 15 80
52 68 80
15 28 80
8 18 80
16 40 80
41 54 80
6 49 80
3 29 80
3 49 80
26 78 80
36 50 80
22 39 81
24 56 81
11 70 81
11 14 81
70 80 81
10 54 81
3 46 81
39 68 81
49 52 81
5 7 81
37 65 81
4 70 81
37 74 81
19 78 81
33 49 81
8 25 81
3 27 81
40 65 81
20 73 81
4 73 81
11 43 81
15 49 81
26 63 81
51 66 81
9 33 81
44 47 81
25 38 81
30 79 81
59 74 81
55 80 81
38 74 81
4 12 81
7 37 81
10 49 81
8 74 81
28 78 81
26 59 81
18 45 81
21 38 81
45 60 81
1 35 81
16 31 81
48 73 81
34 78 81
18 72 81
10 18 81
10 14 81
60 77 81
36 55 81
47 62 81
48 61 81
1 24 81
19 34 81
62 68 81
40 48 81
12 23 81
6 79 81
9 48 81
54 80 81
48 69 81
21 23 81
2 50 81
0 26 81
65 66 81
39 47 81
15 27 81
11 42 81
2 44 81
4 76 81
38 45 81
16 52 81
28 71 81
1 49 81
23 61 81
51 75 81
68 80 81
4 25 81
14 36 81
56 71 81
19 23 81
15 67 81
8 25 81
18 34 81
7 40 81
1 68 81
48 77 81
22 78 81
1 58 81
8 77 81
17 53 81
73 76 81
2 63 81
30 75 81
40 65 81
18 57 81
46 47 81
29 56 81
30 42 81
43 58 81
21 31 81
16 42 81
41 44 81
43 69 81
60 73 81
43 74 81
27 60 81
36 51 81
2 32 81
0 70 81
25 41 81
6 18 81
43 48 81
3 29 81
0 20 81
7 29 81
61 79 81
8 57 81
1 22 81
18 22 81
5 20 81
42 56 81
39 42 81
70 73 81
71 78 81
39 69 81
37 76 81
0 14 81
3 8 81
20 69 81
17 58 81
13 23 81
26 69 81
19 49 81
19 28 81
0 31 81
15 60 82
10 11 82
9 47 82
23 81 82
30 39 82
39 69 82
5 16 82
23 73 82
25 76 82
5 27 82
62 81 82
42 54 82
3 20 82
29 64 82
41 60 82
16 43 82
24 49 82
2 49 82
0 19 82
9 37 82
33 49 82
5 66 82
28 31 82
23 67 82
17 79 82
32 44 82
2 9 82
35 38 82
33 79 82
3 62 82
30 59 82
3 69 82
9 59 82
18 72 82
0 55 82
52 74 82
8 49 82
38 63 82
19 51 82
60 65 82
11 32 82
18 44 82
2 71 82
17 38 82
47 70 82
17 66 82
5 58 82
4 80 82
1 64 82
14 16 82
36 48 82
1 33 82
23 39 82
3 22 82
23 23 82
46 74 82
5 75 82
33 40 82
46 78 82
34 60 82
2 79 82
47 72 82
10 47 82
49 50 82
28 62 82
8 66 82
0 51 82
6 40 82
1 7 82
42 56 82
11 37 82
22 28 82
28 35 82
18 43 82
5 61 82
4 59 82
10 67 82
14 61 82
7 40 82
5 14 82
27 58 82
37 76 82
22 36 82
13 71 82
4 32 82
18 68 82
16 61 82
4 15 82
4 51 82
10 29 82
6 22 82
44 79 82
74 78 82
51 79 82
67 68 82
64 75 82
12 66 82
56 58 82
31 37 82
40 67 82
38 40 82
9 13 82
23 38 82
34 70 82
37 43 82
24 33 82
11 52 82
39 41 82
66 67 82
9 35 82
35 67 82
2 37 82
79 81 82
15 19 82
22 80 82
45 65 82
30 54 82
46 56 82
17 47 82
4 46 82
5 69 82
0 49 82
24 73 82
48 66 82
6 82 82
19 29 82
7 73 82
41 45 82
35 63 82
22 70 82
33 37 82
13 79 82
76 77 82
7 44 82
49 50 83
33 40 83
11 63 83
3 17 83
14 17 83
48 69 83
24 40 83
71 73 83
27 41 83
23 30 83
19 42 83
17 51 83
21 71 83
13 47 83
26 38 83
41 55 83
50 73 83
22 67 83
7 68 83
19 38 83
47 71 83
17 60 83
7 23 83
47 77 83
40 60 83
30 54 83
18 33 83
15 71 83
27 79 83
2 6 83
18 28 83
43 57 83
6 60 83
41 61 83
40 76 83
3 27 83
15 36 83
16 33 83
32 42 83
4 78 83
25 42 83
23 23 83
46 82 83
1 38 83
65 73 83
48 69 83
33 81 83
24 51 83
15 33 83
7 40 83
4 27 83
2 37 83
75 78 83
9 80 83
32 82 83
12 14 83
4 30 83
0 5 83
68 75 83
33 63 83
55 71 83
7 82 83
14 35 83
46 81 83
4 81 83
45 69 83
59 62 83
11 40 83
11 47 83
65 80 83
45 69 83
1 55 83
28 63 83
26 43 83
3 10 83
38 49 83
51 61 83
11 32 83
37 51 83
25 76 83
15 62 83
1 78 83
6 22 83
18 26 83
42 52 83
21 30 83
26 54 83
0 0 83
5 58 83
6 29 83
5 72 83
62 78 83
17 52 83
31 36 83
24 65 83
4 34 83
43 73 83
36 60 83
27 42 83
2 7 83
2 52 83
4 34 83
38 77 83
29 44 83
12 62 83
5 80 83
4 67 83
39 60 83
23 23 83
22 79 83
4 82 83
35 56 83
46 49 83
68 70 83
51 55 83
54 82 83
2 69 83
28 60 83
43 66 83
34 71 83
46 67 83
12 21 83
8 33 83
37 49 83
59 78 83
22 52 83
9 72 83
39 42 84
17 48 84
29 50 84
23 42 84
8 14 84
18 81 84
51 66 84
15 42 84
48 57 84
2 45 84
3 61 84
45 70 84
32 55 84
35 39 84
19 47 84
10 33 84
6 49 84
68 72 84
22 41 84
9 54 84
23 35 84
5 22 84
40 66 84
14 51 84
21 31 84
0 71 84
13 72 84
36 68 84
51 73 84
3 80 84
10 29 84
0 0 84
17 84 84
5 75 84
29 32 84
11 69 84
6 59 84
46 56 84
9 19 84
25 77 84
14 44 84
27 73 84
4 34 84
12 62 84
25 56 84
0 10 84
1 50 84
59 61 84
43 45 84
23 83 84
9 54 84
15 60 84
47 57 84
59 69 84
55 59 84
2 9 84
25 33 84
1 43 84
43 81 84
37 54 84
0 17 84
12 53 84
5 58 84
25 81 84
20 71 84
8 54 84
8 24 84
45 80 84
25 66 84
70 78 84
49 57 84
19 55 84
14 18 84
5 47 84
52 78 84
52 84 84
26 29 84
26 31 84
11 44 84
39 75 84
16 53 84
51 71 84
12 38 84
54 78 84
20 47 84
1 61 84
18 74 84
13 29 84
24 77 84
15 58 84
2 31 84
54 66 84
73 82 84
31 32 84
10 79 84
30 49 84
4 27 84
27 79 84
2 73 84
20 78 84
20 54 84
64 75 84
53 82 84
25 71 84
31 76 84
18 35 84
72 84 84
14 31 84
2 58 84
0 20 84
21 37 84
31 70 84
2 31 84
49 50 84
21 26 84
9 52 84
29 52 84
3 46 84
5 72 84
41 52 84
65 80 84
5 36 84
4 41 84
1 18 84
30 45 84
35 49 84
21 33 84
54 79 84
31 80 84
28 30 84
20 49 84
3 50 85
11 23 85
13 35 85
12 27 85
18 44 85
6 82 85
39 52 85
36 74 85
2 31 85
21 27 85
17 54 85
15 77 85
52 58 85
58 71 85
9 18 85
38 78 85
37 55 85
7 35 85
11 59 85
56 69 85
34 66 85
37 70 85
6 27 85
48 64 85
19 65 85
5 74 85
25 61 85
19 59 85
14 30 85
64 84 85
2 76 85
21 76 85
22 63 85
37 64 85
8 67 85
27 36 85
18 61 85
51 70 85
42 48 85
20 58 85
32 79 85
35 65 85
2 74 85
33 72 85
15 42 85
0 6 85
72 82 85
18 78 85
33 64 85
53 60 85
23 30 85
23 49 85
12 85 85
28 31 85
43 67 85
38 41 85
4 79 85
19 44 85
13 15 85
26 77 85
3 53 85
59 74 85
0 60 85
5 6 85
17 69 85
17 74 85
66 77 85
24 38 85
47 52 85
2 3 85
39 66 85
58 74 85
6 60 85
4 49 85
11 76 85
20 82 85
31 36 85
24 35 85
49 72 85
13 65 85
15 56 85
8 42 85
14 79 85
4 40 85
27 40 85
56 67 85
26 39 85
21 31 85
9 81 85
23 30 85
7 58 85
9 44 85
61 84 85
27 65 85
39 63 85
17 36 85
23 85 85
55 81 85
27 28 85
28 76 85
56 80 85
23 79 85
4 57 85
24 41 85
9 14 85
11 16 85
17 72 85
48 51 85
6 16 85
19 36 85
53 82 85
15 27 85
18 69 85
24 48 85
1 64 85
56 71 85
22 29 85
0 5 85
14 44 85
63 73 85
45 76 85
57 65 85
7 74 85
19 53 85
12 73 85
11 60 85
10 10 85
11 83 85
78 81 85
61 83 85
36 57 85
45 48 85
2 59 86
8 11 86
16 73 86
5 85 86
25 63 86
40 63 86
22 70 86
28 62 86
4 75 86
21 37 86
1 43 86
65 67 86
3 56 86
11 34 86
27 64 86
52 72 86
16 64 86
17 50 86
48 49 86
50 60 86
38 63 86
15 75 86
11 22 86
24 27 86
21 32 86
53 62 86
52 65 86
62 83 86
79 80 86
76 81 86
32 49 86
19 68 86
58 73 86
11 48 86
22 58 86
45 63 86
37 80 86
28 57 86
68 80 86
7 16 86
38 56 86
35 55 86
36 49 86
31 42 86
17 35 86
31 40 86
42 44 86
5 71 86
18 46 86
10 84 86
17 52 86
62 69 86
54 85 86
19 66 86
57 62 86
18 74 86
3 30 86
51 79 86
18 18 86
42 74 86
73 75 86
3 41 86
7 26 86
36 77 86
41 50 86
0 32 86
27 33 86
46 62 86
47 56 86
4 76 86
9 24 86
17 38 86
36 63 86
1 66 86
14 25 86
29 49 86
19 59 86
5 63 86
31 58 86
58 72 86
62 69 86
23 76 86
10 19 86
43 73 86
85 85 86
4 72 86
19 42 86
74 81 86
25 35 86
17 18 86
0 30 86
26 84 86
27 41 86
9 24 86
11 70 86
52 79 86
34 80 86
3 9 86
28 43 86
28 62 86
54 83 86
37 62 86
30 54 86
33 51 86
69 83 86
32 43 86
35 35 86
35 82 86
8 17 86
52 62 86
32 45 86
23 66 86
2 80 86
58 80 86
65 68 86
27 54 86
0 52 86
4 74 86
37 48 86
34 84 86
10 79 86
73 76 86
3 11 86
66 75 86
8 25 86
26 70 86
9 57 86
32 81 86
12 41 86
24 40 86
63 80 86
22 80 86
6 38 86
17 82 86
27 60 86
46 74 86
0 74 86
59 83 86
13 55 86
19 42 86
15 40 86
20 47 86
12 43 86
30 40 86
57 65 86
15 69 86
10 63 86
29 29 86
47 70 86
79 79 86
23 41 86
69 70 86
26 57 86
36 51 86
58 60 86
66 77 87
55 60 87
37 72 87
2 71 87
78 81 87
67 71 87
25 38 87
3 19 87
49 73 87
66 84 87
12 77 87
17 46 87
25 67 87
4 83 87
0 48 87
46 62 87
9 12 87
24 35 87
5 24 87
2 9 87
24 29 87
18 72 87
2 19 87
14 26 87
22 65 87
32 55 87
19 33 87
61 61 87
13 82 87
56 62 87
5 24 87
10 43 87
3 39 87
14 74 87
12 24 87
18 75 87
20 42 87
4 37 87
47 70 87
19 68 87
31 36 87
42 69 87
3 40 87
27 33 87
1 2 87
29 66 87
15 39 87
4 32 87
1 66 87
35 38 87
1 69 87
0 49 87
2 63 87
17 86 87
3 43 87
25 44 87
32 68 87
20 84 87
11 14 87
36 80 87
4 20 87
23 72 87
45 64 87
24 67 87
11 16 87
69 86 87
13 30 87
15 27 87
33 49 87
71 77 87
28 29 87
18 28 87
15 48 87
21 59 87
0 60 87
4 36 87
30 86 87
56 59 87
14 58 87
30 56 87
1 28 87
0 19 87
40 77 87
9 20 87
46 72 87
0 3 87
38 76 87
39 49 87
25 63 87
57 69 87
33 63 87
3 84 87
61 83 87
56 70 87
27 42 87
39 67 87
54 74 87
12 49 87
35 85 87
64 64 87
2 40 87
49 59 87
3 25 87
23 56 87
5 30 87
15 19 87
42 67 87
51 75 87
10 74 87
59 75 87
19 52 87
2 27 87
69 81 87
17 43 87
12 37 87
18 46 87
21 74 87
38 72 87
70 81 87
41 82 87
2 15 87
71 85 87
38 84 87
60 60 87
61 78 87
25 32 87
57 76 87
24 25 87
62 73 87
72 79 87
16 84 87
46 74 87
25 41 87
40 41 87
27 29 87
4 44 87
0 48 87
0 70 87
53 64 87
14 70 87
67 69 87
10 14 87
20 63 87
71 72 87
2 8 88
63 83 88
60 76 88
31 85 88
68 84 88
29 55 88
77 87 88
69 85 88
60 75 88
27 33 88
44 62 88
52 66 88
14 31 88
53 57 88
39 45 88
17 48 88
24 62 88
28 36 88
19 53 88
49 57 88
21 85 88
55 63 88
9 43 88
43 87 88
20 86 88
26 82 88
28 82 88
45 84 88
30 49 88
9 63 88
7 15 88
39 66 88
22 82 88
79 83 88
66 75 88
58 87 88
56 84 88
55 65 88
6 13 88
0 43 88
49 81 88
21 80 88
3 18 88
0 19 88
34 54 88
44 53 88
8 74 88
6 23 88
30 82 88
32 40 88
64 87 88
42 66 88
19 54 88
14 80 88
47 81 88
53 59 88
30 72 88
11 46 88
2 44 88
14 75 88
13 35 88
30 54 88
24 77 88
24 56 88
0 5 88
32 76 88
78 88 88
22 26 88
13 86 88
25 84 88
32 66 88
55 65 88
46 59 88
20 40 88
11 40 88
22 36 88
22 60 88
34 81 88
2 80 88
55 61 88
1 60 88
34 58 88
16 54 88
0 7 88
28 31 88
40 87 88
18 56 88
3 37 88
9 36 88
37 78 88
29 37 88
41 65 88
75 87 88
28 80 88
16 62 88
69 70 88
0 47 88
27 44 88
34 58 88
79 85 88
10 82 88
34 78 88
72 87 88
16 45 88
9 65 88
16 77 88
2 24 88
3 4 88
3 56 88
17 26 88
44 70 88
11 14 88
7 37 88
15 24 88
23 56 88
24 54 88
10 45 88
56 86 88
0 8 88
10 84 88
72 84 88
39 65 88
38 39 88
27 85 88
61 62 88
11 31 88
4 59 88
13 28 88
1 86 88
5 47 88
5 56 88
60 63 88
29 88 89
16 20 89
34 79 89
18 82 89
22 65 89
46 88 89
11 62 89
15 75 89
32 79 89
4 70 89
25 68 89
23 62 89
68 82 89
27 80 89
14 51 89
3 36 89
11 63 89
5 37 89
52 82 89
42 53 89
13 48 89
57 73 89
4 57 89
61 70 89
13 77 89
61 74 89
18 69 89
23 81 89
49 70 89
34 35 89
5 46 89
74 77 89
33 51 89
46 87 89
11 26 89
21 50 89
0 14 89
14 47 89
24 60 89
66 66 89
32 48 89
10 88 89
12 34 89
31 54 89
14 21 89
4 80 89
0 4 89
48 55 89
4 51 89
6 71 89
59 71 89
60 72 89
17 63 89
12 28 89
63 83 89
10 32 89
31 54 89
21 60 89
41 84 89
22 55 89
11 53 89
6 32 89
54 69 89
19 88 89
86 86 89
69 87 89
17 85 89
48 78 89
22 65 89
25 70 89
11 13 89
65 82 89
77 83 89
61 65 89
59 74 89
22 55 89
51 80 89
7 65 89
12 52 89
36 74 89
16 77 89
57 68 89
20 66 89
29 73 89
32 60 89
40 46 89
11 81 89
41 59 89
12 71 89
20 68 89
25 76 89
24 76 89
23 57 89
6 60 89
75 78 89
26 88 89
23 48 89
30 68 89
28 51 89
22 34 89
42 53 89
2 3 89
50 82 89
50 61 89
3 18 89
14 50 89
14 24 89
6 19 89
8 61 89
22 59 89
32 84 89
60 61 89
50 74 89
42 74 89
2 5 89
54 65 89
73 87 89
3 50 89
3 17 89
54 68 89
22 81 89
5 86 89
59 80 89
38 72 89
13 63 89
1 3 89
43 52 89
13 43 89
45 71 89
29 43 89
5 9 89
0 12 89
16 69 89
27 72 89
59 85 89
3 43 90
7 21 90
39 41 90
23 68 90
37 82 90
19 82 90
10 77 90
29 85 90
54 56 90
75 84 90
27 73 90
9 53 90
2 14 90
26 39 90
31 35 90
29 72 90
25 32 90
23 56 90
8 11 90
52 62 90
4 26 90
20 80 90
15 89 90
0 60 90
55 69 90
9 52 90
25 30 90
59 82 90
22 57 90
14 36 90
4 82 90
68 69 90
29 29 90
73 77 90
26 57 90
62 81 90
69 84 90
25 44 90
54 71 90
34 72 90
33 82 90
11 56 90
12 47 90
33 79 90
15 76 90
3 31 90
57 86 90
15 85 90
5 73 90
50 64 90
62 67 90
1 90 90
52 66 90
5 21 90
17 85 90
29 58 90
45 65 90
31 72 90
53 75 90
26 60 90
1 74 90
62 64 90
82 85 90
80 84 90
40 41 90
5 68 90
45 66 90
53 86 90
6 53 90
57 66 90
4 13 90
33 48 90
45 82 90
60 66 90
12 60 90
43 51 90
19 34 90
6 80 90
3 86 90
24 48 90
39 49 90
72 77 90
9 34 90
0 15 90
48 58 90
34 73 90
6 42 90
20 52 90
35 59 90
62 68 90
2 13 90
13 79 90
48 51 90
62 76 90
52 67 90
63 67 90
58 60 90
18 90 90
9 35 90
22 90 90
12 52 90
11 53 90
5 37 90
4 68 90
14 34 90
5 22 90
16 27 90
4 39 90
37 73 90
63 66 90
20 44 90
20 52 90
14 83 90
12 80 90
1 9 90
9 36 90
34 39 90
22 75 90
51 79 90
11 29 90
27 51 90
7 35 90
20 86 90
38 59 90
45 61 90
61 74 90
18 66 90
61 77 90
71 75 90
9 40 90
28 68 90
47 76 90
10 33 90
15 82 90
53 54 90
57 59 90
23 26 90
36 49 90
59 88 90
74 74 90
55 82 90
27 88 90
13 76 90
62 69 90
53 74 90
10 83 90
7 41 90
15 74 90
3 6 90
14 31 90
22 40 90
45 70 90
3 43 90
6 70 90
11 20 90
61 73 90
30 56 90
22 73 90
4 59 90
2 24 90
82 87 90
34 75 90
1 87 90
48 49 90
33 57 90
28 40 90
54 87 91
77 79 91
25 37 91
27 85 91
7 19 91
20 76 91
28 47 91
25 70 91
41 51 91
23 49 91
65 66 91
2 19 91
1 34 91
27 88 91
14 43 91
13 71 91
7 58 91
17 50 91
15 23 91
51 63 91
64 70 91
16 38 91
2 62 91
59 59 91
36 40 91
23 32 91
17 27 91
25 80 91
19 23 91
38 49 91
14 49 91
19 23 91
53 55 91
34 34 91
42 78 91
10 29 91
51 86 91
64 89 91
54 62 91
7 30 91
14 87 91
52 80 91
55 58 91
6 54 91
77 86 91
16 80 91
18 91 91
7 21 91
13 38 91
27 61 91
4 43 91
32 53 91
61 72 91
17 61 91
10 62 91
3 62 91
27 52 91
71 80 91
42 60 91
34 63 91
2 60 91
38 77 91
43 57 91
40 55 91
30 46 91
24 34 91
59 78 91
16 81 91
17 30 91
59 69 91
34 78 91
0 55 91
59 76 91
35 83 91
16 25 91
47 87 91
6 59 91
29 45 91
1 17 91
5 79 91
48 81 91
6 33 91
4 88 91
35 82 91
62 70 91
7 24 91
42 75 91
36 60 91
63 70 91
19 28 91
1 63 91
21 28 91
56 80 91
29 53 91
32 70 91
30 49 91
17 32 91
26 31 91
30 58 91
22 60 91
30 35 91
0 29 91
27 88 91
38 67 91
68 79 91
59 82 91
40 57 91
18 87 91
74 76 91
18 86 91
37 81 91
14 75 91
17 47 91
22 24 91
38 62 91
3 48 91
35 38 91
18 70 91
31 40 91
77 79 91
57 90 91
24 71 91
31 91 91
23 43 91
0 19 91
7 35 91
2 29 91
47 62 91
62 76 91
40 80 91
3 88 91
31 89 91
35 67 91
29 75 91
73 82 91
8 86 91
45 57 91
12 32 91
80 84 91
23 67 91
14 66 91
49 82 91
68 74 91
15 25 91
2 42 91
2 20 91
72 87 91
24 59 91
16 49 91
83 85 92
11 26 92
81 86 92
64 67 92
12 88 92
59 67 92
0 10 92
1 22 92
46 70 92
20 26 92
59 85 92
32 34 92
3 67 92
0 89 92
70 83 92
34 39 92
50 53 92
64 85 92
4 31 92
53 59 92
6 83 92
43 75 92
1 27 92
25 62 92
54 64 92
80 82 92
29 39 92
31 84 92
5 46 92
9 36 92
57 64 92
32 77 92
27 89 92
25 65 92
15 81 92
3 75 92
4 34 92
32 35 92
20 34 92
38 46 92
48 51 92
53 71 92
32 46 92
59 70 92
31 86 92
22 31 92
8 37 92
50 58 92
22 81 92
37 48 92
18 73 92
14 82 92
55 91 92
26 83 92
5 31 92
21 27 92
23 26 92
5 80 92
25 73 92
77 83 92
4 81 92
31 79 92
32 54 92
28 38 92
79 91 92
29 79 92
47 58 92
71 74 92
78 91 92
10 91 92
76 85 92
43 69 92
53 83 92
39 43 92
15 61 92
14 41 92
48 70 92
35 43 92
14 27 92
3 34 92
0 47 92
5 23 92
73 86 92
46 48 92
70 77 92
0 85 92
4 43 92
36 70 92
62 90 92
14 57 92
14 92 92
25 52 92
4 75 92
58 83 92
48 75 92
5 14 92
16 86 92
42 68 92
5 27 92
41 61 92
35 87 92
8 8 92
3 72 92
44 54 92
13 79 92
45 83 92
10 48 92
86 92 92
21 72 92
32 34 92
1 86 92
23 35 92
40 73 92
37 78 92
11 59 92
28 69 92
8 76 92
9 80 92
69 74 92
36 69 92
60 80 92
77 90 92
83 90 92
25 54 92
14 64 92
1 42 92
79 83 92
73 92 92
61 87 92
36 62 92
58 69 92
29 40 92
88 90 92
77 87 92
35 56 92
48 83 92
25 28 92
52 86 92
14 91 92
67 83 92
26 60 92
22 50 92
12 62 92
40 80 92
56 83 92
25 61 92
61 79 92
58 69 92
59 74 92
11 19 92
25 50 92
27 36 92
8 52 92
22 71 92
5 73 92
0 53 92
12 21 92
26 34 92
59 60 92
9 59 92
16 27 92
29 59 92
24 80 92
2 11 92
2 62 92
9 37 93
10 11 93
32 76 93
31 87 93
22 57 93
65 90 93
15 38 93
64 73 93
55 67 93
1 27 93
18 68 93
18 67 93
6 57 93
52 76 93
56 82 93
14 59 93
24 42 93
27 53 93
53 87 93
54 58 93
51 73 93
30 89 93
16 41 93
79 88 93
33 78 93
11 13 93
32 91 93
5 63 93
23 31 93
34 59 93
16 61 93
2 70 93
52 59 93
20 71 93
34 91 93
55 75 93
33 37 93
5 77 93
3 8 93
1 28 93
5 92 93
9 23 93
31 74 93
50 70 93
10 74 93
54 91 93
0 25 93
55 74 93
24 77 93
47 68 93
9 73 93
13 15 93
23 35 93
66 86 93
57 72 93
22 23 93
11 76 93
4 54 93
24 50 93
10 42 93
47 81 93
42 55 93
68 84 93
15 41 93
50 55 93
34 46 93
29 51 93
40 66 93
32 41 93
59 92 93
68 88 93
39 60 93
59 82 93
50 66 93
26 49 93
12 57 93
25 66 93
33 37 93
9 72 93
26 71 93
38 73 93
27 79 93
36 79 93
13 19 93
21 69 93
19 34 93
1 75 93
16 77 93
32 54 93
18 49 93
10 46 93
31 62 93
9 76 93
44 85 93
10 77 93
1 68 93
66 82 93
11 12 93
20 72 93
26 31 93
10 85 93
24 80 93
4 90 93
62 63 93
64 80 93
43 66 93
7 53 93
73 74 93
22 75 93
8 62 93
18 58 93
6 37 93
10 33 93
46 63 93
19 45 93
20 70 93
27 67 93
57 86 93
2 71 93
3 8 93
26 34 93
53 60 93
11 75 93
3 55 93
20 46 93
17 42 93
26 49 93
12 34 93
44 79 93
34 47 93
12 21 93
32 53 93
3 34 93
20 40 93
50 54 93
25 64 93
3 21 93
12 40 93
1 6 93
44 47 93
31 48 94
27 33 94
65 79 94
43 45 94
53 89 94
8 47 94
11 33 94
1 4 94
42 44 94
13 58 94
20 52 94
53 68 94
19 68 94
24 25 94
21 73 94
13 86 94
41 48 94
75 85 94
22 83 94
35 44 94
37 55 94
66 66 94
71 83 94
60 64 94
42 56 94
40 54 94
15 17 94
55 79 94
39 79 94
45 71 94
29 50 94
25 61 94
71 89 94
52 55 94
47 77 94
65 78 94
20 27 94
17 85 94
48 63 94
40 58 94
46 78 94
53 91 94
0 80 94
17 46 94
37 53 94
4 38 94
24 41 94
43 56 94
36 49 94
42 79 94
77 83 94
39 90 94
39 42 94
2 49 94
68 90 94
80 83 94
12 38 94
29 40 94
8 14 94
27 65 94
27 89 94
2 74 94
16 49 94
21 61 94
26 69 94
34 67 94
38 63 94
32 79 94
39 90 94
42 46 94
37 39 94
54 83 94
4 61 94
48 78 94
70 71 94
17 72 94
45 79 94
3 30 94
16 51 94
65 88 94
26 56 94
14 54 94
48 91 94
70 78 94
37 49 94
40 73 94
85 86 94
23 74 94
13 19 94
55 92 94
39 51 94
9 63 94
47 73 94
9 19 94
15 85 94
0 18 94
2 39 94
2 76 94
66 79 94
39 81 94
24 73 94
6 32 94
40 90 94
21 92 94
82 89 94
75 87 94
66 88 94
46 79 94
68 75 94
67 76 94
11 63 94
19 24 94
2 27 94
38 47 94
56 76 94
1 87 94
6 92 94
10 71 94
40 75 94
17 65 94
45 80 94
26 85 94
33 77 94
78 81 94
21 80 94
8 37 94
8 68 94
23 76 94
13 15 94
12 91 94
55 85 94
35 78 94
0 66 94
61 83 94
55 75 94
47 66 94
14 41 94
66 70 94
34 52 94
3 71 94
63 76 94
42 63 94
49 89 94
60 82 94
43 82 94
1 68 94
30 69 94
30 74 94
32 75 94
15 42 94
21 73 94
8 45 94
56 74 94
24 82 94
33 48 94
12 42 94
35 50 94
38 74 94
21 39 94
12 14 94
58 87 94
36 67 94
4 37 94
40 47 94
24 87 94
76 88 94
76 77 94
15 17 94
10 76 94
46 68 94
60 94 95
10 11 95
24 42 95
26 71 95
50 55 95
52 72 95
10 79 95
22 86 95
35 85 95
47 84 95
60 95 95
2 4 95
2 29 95
67 81 95
28 40 95
0 21 95
30 42 95
16 32 95
49 56 95
40 57 95
18 90 95
73 79 95
29 42 95
31 60 95
6 60 95
10 92 95
11 24 95
31 90 95
29 79 95
36 85 95
27 89 95
25 94 95
0 59 95
13 55 95
16 83 95
25 29 95
40 52 95
20 77 95
68 70 95
2 83 95
17 80 95
43 61 95
58 85 95
5 94 95
25 40 95
77 80 95
39 71 95
30 47 95
55 88 95
53 81 95
11 55 95
34 93 95
12 72 95
0 47 95
50 67 95
14 45 95
66 91 95
42 49 95
59 66 95
70 90 95
24 57 95
7 11 95
57 63 95
35 85 95
46 64 95
15 74 95
3 75 95
44 56 95
48 78 95
20 25 95
60 88 95
3 42 95
32 33 95
4 92 95
25 85 95
29 85 95
36 78 95
1 85 95
87 92 95
33 81 95
32 86 95
32 87 95
12 64 95
57 75 95
33 93 95
31 72 95
21 69 95
78 82 95
25 83 95
67 94 95
7 68 95
32 91 95
0 3 95
8 40 95
41 88 95
4 26 95
80 95 95
48 64 95
50 71 95
4 6 95
38 53 95
19 42 95
11 42 95
36 89 95
39 47 95
73 86 95
51 66 95
11 37 95
77 82 95
47 60 95
42 61 95
38 56 95
67 80 95
40 60 95
76 89 95
1 51 95
83 91 95
25 83 95
18 74 95
32 86 95
15 48 95
66 77 95
56 82 95
5 91 95
47 60 95
27 76 95
14 55 95
6 62 95
35 53 95
1 27 95
23 32 95
2 41 95
39 44 95
70 81 95
27 64 95
49 63 95
80 95 95
52 90 95
35 58 95
16 27 95
0 42 95
10 74 95
36 76 95
29 80 95
30 78 95
20 93 95
52 73 95
23 47 95
11 54 95
26 57 95
16 87 95
29 93 95
19 31 95
45 80 95
37 85 95
12 52 95
83 91 95
8 54 95
16 89 95
47 54 95
13 69 95
4 7 95
9 17 95
7 64 95
11 78 95
48 50 95
29 75 95
25 37 95
1 7 95
35 70 95
30 44 95
71 84 95
55 85 95
40 42 96
23 78 96
35 35 96
49 71 96
46 87 96
9 58 96
4 91 96
70 75 96
24 87 96
7 46 96
23 74 96
66 92 96
30 51 96
8 94 96
43 89 96
35 73 96
7 11 96
18 78 96
63 87 96
4 75 96
10 22 96
3 40 96
65 84 96
9 78 96
57 66 96
44 86 96
60 67 96
34 89 96
0 65 96
5 49 96
8 57 96
29 33 96
23 85 96
41 51 96
43 57 96
2 80 96
46 92 96
35 37 96
74 80 96
67 73 96
69 84 96
16 88 96
29 81 96
27 44 96
79 88 96
55 70 96
15 86 96
45 76 96
15 75 96
38 78 96
47 50 96
34 91 96
2 41 96
63 74 96
2 65 96
1 66 96
30 64 96
40 45 96
6 29 96
24 56 96
72 83 96
28 86 96
38 49 96
18 56 96
42 65 96
12 50 96
60 82 96
53 62 96
45 80 96
43 48 96
70 90 96
18 70 96
1 62 96
22 48 96
54 81 96
16 60 96
84 95 96
57 64 96
61 82 96
4 79 96
20 34 96
15 36 96
19 72 96
2 71 96
26 54 96
5 7 96
48 86 96
59 93 96
0 12 96
3 8 96
21 43 96
7 9 96
6 70 96
25 83 96
21 45 96
2 70 96
48 93 96
65 92 96
9 53 96
38 94 96
48 52 96
1 7 96
14 24 96
27 46 96
29 61 96
39 71 96
8 87 96
32 46 96
84 93 96
76 91 96
3 53 96
31 41 96
14 45 96
56 73 96
28 36 96
30 62 96
16 95 96
1 62 96
0 72 96
33 54 96
13 54 96
25 78 96
13 14 96
64 87 96
22 64 96
22 50 96
50 56 96
12 84 96
61 81 96
47 95 96
14 57 96
27 68 96
46 63 96
28 41 96
17 49 96
9 12 96
62 94 96
19 40 96
38 87 96
8 61 96
49 92 96
16 92 96
1 5 96
71 88 96
42 80 96
68 92 96
2 73 96
15 66 96
75 85 96
10 43 96
5 51 96
90 91 96
17 94 96
71 92 96
19 38 96
12 75 96
17 48 96
19 60 96
44 50 96
49 53 97
13 82 97
22 73 97
2 26 97
28 92 97
8 52 97
6 27 97
18 79 97
25 48 97
9 16 97
57 66 97
40 42 97
25 96 97
7 13 97
79 79 97
30 72 97
90 95 97
55 67 97
16 43 97
5 34 97
17 43 97
19 42 97
3 50 97
14 25 97
44 70 97
39 57 97
39 73 97
10 17 97
7 89 97
17 73 97
3 17 97
54 93 97
8 23 97
58 93 97
23 74 97
22 35 97
25 60 97
16 52 97
3 75 97
53 86 97
68 93 97
61 74 97
3 64 97
59 59 97
31 65 97
50 69 97
16 91 97
32 53 97
11 59 97
68 96 97
11 32 97
8 35 97
61 81 97
8 85 97
23 95 97
0 35 97
24 52 97
57 91 97
62 63 97
23 50 97
25 84 97
68 91 97
41 91 97
58 85 97
15 44 97
6 43 97
14 65 97
7 60 97
72 78 97
15 93 97
19 91 97
7 52 97
45 63 97
31 33 97
13 30 97
3 61 97
37 39 97
73 82 97
38 59 97
26 84 97
17 19 97
70 70 97
10 91 97
60 91 97
56 81 97
23 81 97
25 50 97
73 88 97
16 53 97
80 83 97
48 65 97
13 21 97
18 31 97
80 86 97
4 66 97
2 5 97
25 57 97
51 96 97
59 70 97
47 56 97
47 77 97
47 85 97
42 86 97
15 62 97
19 69 97
47 89 97
27 54 97
9 29 97
11 34 97
45 48 97
45 60 97
33 56 97
43 50 97
22 76 97
29 66 97
14 80 97
12 59 97
21 49 97
13 42 97
10 29 97
41 64 97
14 28 97
39 78 97
46 48 97
66 86 97
26 61 97
27 89 97
92 96 97
21 72 97
79 80 97
35 60 97
43 77 97
7 21 97
59 76 97
64 96 97
58 76 97
21 36 97
27 43 97
6 77 97
21 59 97
46 71 97
15 54 97
61 69 97
10 42 97
63 73 97
6 90 97
3 43 97
87 90 97
74 96 97
17 80 97
39 72 97
16 25 97
82 96 97
13 84 97
18 89 97
13 17 97
22 50 97
57 97 97
59 61 97
20 44 97
64 95 98
2 23 98
43 83 98
6 14 98
19 80 98
21 84 98
10 28 98
64 68 98
11 79 98
1 34 98
11 31 98
85 90 98
23 38 98
6 48 98
81 84 98
27 50 98
80 82 98
31 84 98
34 57 98
35 62 98
37 38 98
36 60 98
24 45 98
9 28 98
23 42 98
70 77 98
73 75 98
30 43 98
58 87 98
15 75 98
17 50 98
2 95 98
79 87 98
9 75 98
44 56 98
18 84 98
56 75 98
39 86 98
95 96 98
57 76 98
38 66 98
28 94 98
30 42 98
30 82 98
48 79 98
1 93 98
42 55 98
19 95 98
25 73 98
29 44 98
47 91 98
10 94 98
28 49 98
37 45 98
12 35 98
4 92 98
55 96 98
18 90 98
66 80 98
26 89 98
32 45 98
3 91 98
25 44 98
16 90 98
40 86 98
20 47 98
4 23 98
67 83 98
16 44 98
9 25 98
32 85 98
56 73 98
68 94 98
57 63 98
9 62 98
38 50 98
25 38 98
70 91 98
15 43 98
4 23 98
51 52 98
31 95 98
17 54 98
32 90 98
15 84 98
45 65 98
17 64 98
2 95 98
23 81 98
61 97 98
32 90 98
56 68 98
6 92 98
31 83 98
42 45 98
41 56 98
38 80 98
64 72 98
61 62 98
7 25 98
79 89 98
30 58 98
46 80 98
68 87 98
81 88 98
36 88 98
26 92 98
17 27 98
23 53 98
22 54 98
85 92 98
9 26 98
13 65 98
63 71 98
69 93 98
2 61 98
19 84 98
50 82 98
13 91 98
35 70 98
9 13 98
28 39 98
20 80 98
19 34 98
50 71 98
26 65 98
8 22 98
10 17 98
7 67 98
26 76 98
48 70 98
34 54 98
50 91 98
71 75 98
2 48 98
24 84 98
39 63 98
67 77 98
8 71 98
48 64 98
13 26 98
0 39 98
57 69 98
9 38 98
18 48 98
16 19 98
60 64 98
37 95 98
26 74 98
41 42 98
56 64 98
32 71 98
1 34 98
11 38 98
90 95 98
16 82 98
72 84 98
2 28 98
43 93 98
43 97 98
74 95 98
2 22 98
46 53 98
12 40 98
69 73 98
2 54 98
9 30 98
59 91 98
77 80 98
1 4 98
27 59 98
42 76 98
19 42 98
46 65 98
4 65 98
48 68 98
74 95 98
25 64 98
36 37 98
16 78 98
7 80 98
0 2 98
10 76 98
87 98 99
37 64 99
63 77 99
57 79 99
26 80 99
47 56 99
44 71 99
3 15 99
31 81 99
29 53 99
0 64 99
22 86 99
41 79 99
25 60 99
56 90 99
15 72 99
36 37 99
60 95 99
1 14 99
51 58 99
6 15 99
44 49 99
14 40 99
58 89 99
48 78 99
26 35 99
10 47 99
36 61 99
20 24 99
78 83 99
9 35 99
17 91 99
33 61 99
11 27 99
41 77 99
42 57 99
57 88 99
56 92 99
44 71 99
3 25 99
11 74 99
41 83 99
64 79 99
19 41 99
79 88 99
18 47 99
39 94 99
32 44 99
17 69 99
33 99 99
24 63 99
81 83 99
91 92 99
57 90 99
14 68 99
42 48 99
45 72 99
83 89 99
27 41 99
18 94 99
20 69 99
26 69 99
14 98 99
61 68 99
53 91 99
9 92 99
11 23 99
53 97 99
20 61 99
54 66 99
64 65 99
23 74 99
25 87 99
57 86 99
53 66 99
80 91 99
37 66 99
52 60 99
47 91 99
6 88 99
4 12 99
38 47 99
35 53 99
41 54 99
71 99 99
59 61 99
14 96 99
78 78 99
9 40 99
33 39 99
60 71 99
66 96 99
88 93 99
80 84 99
2 58 99
37 51 99
54 69 99
34 69 99
47 63 99
10 92 99
17 58 99
43 69 99
68 97 99
1 79 99
21 48 99
59 67 99
21 29 99
38 93 99
12 45 99
8 65 99
5 85 99
53 68 99
14 57 99
17 95 99
30 96 99
16 67 99
64 71 99
34 94 99
54 78 99
77 92 99
16 20 99
12 92 99
33 33 99
73 84 99
38 44 99
63 98 99
82 92 99
40 49 99
57 69 99
37 60 99
24 54 99
11 91 99
81 97 99
5 28 99
28 98 99
28 88 99
60 78 99
57 88 99
26 57 99
59 91 99
31 91 99
16 44 99
50 95 99
16 32 99
47 51 99
7 16 99
15 36 99
10 13 99
15 77 99
92 92 99
52 97 99
5 43 99
22 63 99
83 90 99
34 58 99
3 30 99
34 95 99
28 57 99
2 91 99
4 72 99
39 57 99
