0 1 6
4 8 9
3 11 11
3 6 11
6 7 11
9 9 14
7 13 14
2 9 14
10 14 16
8 14 16
0 8 17
3 16 17
4 5 17
3 6 18
7 13 19
4 5 19
15 16 20
5 6 20
7 20 20
4 17 22
12 18 22
8 14 22
12 21 23
8 16 23
1 2 24
12 21 24
16 18 25
3 21 25
4 16 25
10 21 25
12 16 25
15 25 25
17 23 25
14 15 26
4 22 26
5 21 27
12 19 27
18 20 27
2 24 28
14 15 28
4 8 28
4 23 30
2 26 30
16 19 30
1 19 30
0 14 30
7 8 30
7 9 31
26 29 31
24 26 31
12 12 31
7 19 31
5 13 32
5 13 32
3 16 32
19 29 32
1 4 33
1 9 33
2 7 33
5 28 33
10 28 33
22 32 34
12 24 34
22 23 35
9 24 35
20 29 35
26 29 35
12 18 35
19 31 35
26 32 35
6 26 35
2 3 35
4 25 35
3 27 36
22 26 36
0 23 36
4 14 36
3 27 36
17 20 36
3 23 36
15 26 36
7 33 36
9 32 37
11 12 37
1 12 37
14 29 37
23 31 37
6 20 37
17 33 37
31 32 37
15 21 37
2 12 38
21 35 38
21 31 38
6 34 38
1 25 38
24 34 38
19 29 38
20 20 39
6 31 39
30 36 39
4 14 39
6 18 39
1 15 39
33 35 39
30 31 39
6 16 39
13 30 40
0 12 40
13 25 40
19 25 40
28 28 40
11 34 40
3 17 40
11 22 40
30 38 40
8 25 40
5 24 40
6 34 40
8 38 40
31 37 40
35 39 40
10 13 40
15 38 40
18 24 40
34 37 41
12 20 41
8 13 41
31 35 41
5 34 41
4 18 41
30 33 41
18 24 41
13 18 41
4 7 41
20 35 41
16 41 41
11 30 42
8 24 42
11 12 42
0 6 42
0 4 42
6 16 42
15 29 42
36 40 42
0 9 42
9 12 43
11 38 43
16 37 43
26 43 43
2 40 43
6 13 43
2 13 43
8 13 43
7 19 43
0 28 43
24 29 43
2 40 43
33 40 43
0 11 43
36 41 43
17 26 43
9 41 43
27 32 43
4 34 44
2 10 44
4 22 44
29 43 44
24 27 44
8 22 44
17 30 44
27 30 44
8 25 44
4 25 44
16 28 44
3 26 44
13 18 44
6 29 44
13 29 45
1 5 45
1 26 45
6 26 45
0 36 45
27 41 45
24 38 45
7 31 45
13 38 45
1 9 45
9 17 45
31 32 45
2 20 45
30 35 46
19 33 46
21 39 46
21 33 46
4 33 46
18 31 46
21 22 46
4 13 46
8 30 46
2 21 46
7 35 46
11 24 47
1 27 47
22 35 47
6 21 47
21 21 47
15 24 47
27 33 47
32 33 47
5 32 47
29 44 47
10 28 47
6 16 47
29 32 47
17 39 47
15 42 47
17 44 47
11 14 47
23 36 48
9 13 48
24 29 48
6 44 48
2 4 48
7 26 48
12 28 48
3 40 48
1 22 48
13 23 48
31 44 48
19 29 48
25 26 48
17 23 48
22 33 48
9 36 48
46 48 49
6 25 49
37 37 49
15 21 49
21 31 49
5 7 49
5 46 49
21 38 49
6 47 49
12 35 49
38 41 49
30 41 49
2 41 50
33 42 50
18 30 50
10 22 50
33 49 50
10 30 50
22 25 50
23 26 50
15 19 50
4 39 50
5 43 50
7 24 50
34 41 50
15 26 50
33 34 50
10 21 50
22 24 50
8 48 51
13 33 51
10 17 51
29 47 51
17 32 51
7 21 51
20 25 51
32 45 51
29 43 51
1 50 51
9 29 51
35 36 51
32 33 51
8 51 51
33 35 51
28 43 51
14 25 51
39 45 51
25 38 51
8 27 51
27 49 51
29 40 52
20 43 52
29 40 52
7 37 52
5 11 52
43 45 52
32 41 52
37 51 52
19 21 52
7 29 52
7 51 52
8 48 52
15 46 52
1 33 53
1 34 53
31 45 53
41 41 53
6 18 53
6 52 53
12 38 53
30 40 53
1 2 53
28 47 53
42 51 53
37 40 53
20 44 53
17 45 53
22 36 53
46 49 54
35 43 54
3 21 54
13 34 54
46 48 54
0 27 54
23 26 54
43 52 54
34 52 54
11 40 54
27 54 54
12 28 54
31 43 54
15 36 54
21 34 54
38 52 54
6 14 54
18 21 55
10 25 55
1 47 55
31 41 55
23 24 55
47 53 55
14 17 55
31 35 55
11 35 55
27 35 55
5 44 55
13 44 55
0 5 55
37 39 55
46 48 55
1 7 55
11 35 55
32 39 55
47 47 55
20 35 55
12 28 55
3 22 55
24 45 55
8 12 55
11 27 55
8 44 55
15 17 56
17 23 56
22 30 56
24 41 56
33 45 56
5 50 56
8 37 56
21 29 56
37 50 56
6 25 56
13 13 56
15 40 56
15 54 56
30 56 56
3 51 56
3 42 56
26 54 56
6 40 56
12 52 56
27 47 56
1 18 56
32 38 56
11 43 56
10 28 56
7 23 56
49 54 56
18 36 57
14 27 57
45 52 57
4 32 57
17 47 57
28 37 57
21 30 57
7 50 57
25 29 57
17 40 57
18 30 57
0 24 57
1 33 57
19 34 57
11 52 57
20 49 57
11 22 57
57 58 58
55 57 58
4 12 58
1 20 58
14 22 58
23 44 58
2 7 58
8 32 58
11 15 58
34 41 58
24 46 58
39 57 58
20 24 58
27 56 58
0 28 59
30 49 59
9 56 59
34 44 59
0 15 59
23 23 59
5 39 59
29 41 59
6 42 59
9 18 59
5 26 59
41 51 59
38 57 59
2 15 59
2 28 59
19 41 59
36 58 59
33 57 59
28 48 59
15 49 59
31 32 60
22 31 60
15 39 60
27 53 60
10 34 60
48 58 60
38 39 60
5 16 60
15 40 60
28 39 60
29 45 60
20 32 60
30 32 60
7 11 60
4 48 60
21 50 60
0 30 60
32 56 60
3 4 60
41 59 60
2 36 60
47 53 60
5 23 60
15 49 60
38 46 61
23 54 61
22 25 61
33 47 61
15 54 61
20 46 61
13 46 61
21 57 61
26 43 61
6 26 61
20 38 61
11 56 61
2 20 61
31 45 61
9 19 61
33 53 61
17 38 61
2 49 61
16 55 61
9 49 61
19 27 61
13 36 61
7 23 61
29 42 61
0 4 61
49 61 62
3 48 62
26 54 62
27 43 62
47 54 62
48 51 62
26 43 62
7 48 62
18 23 62
19 23 62
5 57 62
1 28 62
28 49 62
12 56 62
4 57 62
8 22 62
8 47 62
0 3 62
20 38 62
19 50 62
16 60 62
22 60 62
35 45 62
44 59 63
32 43 63
25 38 63
24 47 63
20 30 63
4 20 63
40 46 63
46 56 63
19 48 63
23 41 63
24 60 63
30 41 63
45 50 63
24 39 63
47 57 63
11 56 63
17 23 63
9 19 63
50 62 64
11 57 64
13 58 64
35 41 64
52 57 64
9 25 64
7 12 64
24 44 64
14 15 64
5 15 64
32 52 64
3 64 64
34 51 64
6 35 64
8 64 64
51 62 64
22 36 64
51 61 64
6 16 64
11 61 64
25 45 64
37 51 64
22 28 64
18 60 64
50 60 65
15 54 65
7 31 65
3 14 65
28 35 65
14 62 65
13 32 65
18 64 65
36 57 65
6 36 65
42 44 65
4 40 65
31 38 65
38 48 65
24 36 65
25 38 65
14 18 65
3 21 65
30 38 65
6 22 65
9 38 65
8 26 65
10 63 65
6 48 65
4 61 66
15 38 66
22 35 66
5 17 66
0 32 66
20 50 66
24 54 66
9 49 66
15 23 66
9 50 66
20 57 66
7 48 66
14 40 66
26 63 66
19 49 66
34 58 66
14 46 66
14 31 66
0 47 66
56 59 66
28 29 66
34 64 66
15 16 66
51 53 66
65 67 67
51 56 67
24 31 67
51 66 67
5 40 67
2 46 67
18 42 67
4 39 67
4 7 67
11 56 67
26 35 67
28 33 67
6 12 67
62 66 67
34 39 67
28 43 67
7 47 67
13 15 67
38 38 67
2 30 67
42 59 67
51 52 67
0 45 67
29 43 67
27 62 67
15 40 68
13 26 68
9 22 68
8 55 68
24 57 68
49 58 68
40 44 68
0 52 68
28 37 68
28 40 68
25 51 68
36 63 68
0 8 68
3 61 68
10 57 68
19 51 68
36 48 68
38 58 68
53 59 68
30 60 68
36 42 68
4 14 68
31 49 68
11 54 68
12 19 68
15 20 68
2 19 68
57 66 68
8 65 68
18 43 68
47 53 68
6 50 68
34 67 69
23 57 69
11 42 69
11 18 69
23 57 69
29 62 69
36 66 69
4 25 69
28 59 69
21 59 69
59 67 69
33 56 69
32 53 69
1 24 69
4 17 69
1 6 69
12 45 69
27 31 69
52 65 69
1 67 69
4 57 69
23 57 69
8 56 69
32 54 69
13 37 70
37 67 70
28 41 70
20 64 70
32 58 70
8 22 70
10 15 70
46 56 70
47 62 70
15 24 70
13 17 70
4 42 70
5 50 70
26 51 70
28 57 70
1 5 70
55 61 70
1 19 70
14 68 70
37 67 70
1 7 70
0 6 70
38 66 70
4 18 70
15 20 70
4 9 70
4 61 70
33 33 71
19 35 71
12 39 71
46 47 71
38 47 71
1 12 71
42 65 71
30 64 71
32 35 71
36 58 71
48 69 71
21 54 71
52 64 71
16 66 71
7 66 71
55 61 71
29 56 71
42 58 71
46 59 71
24 39 71
18 52 72
2 13 72
19 60 72
1 63 72
34 58 72
23 51 72
11 16 72
10 44 72
5 62 72
6 41 72
26 42 72
3 30 72
50 61 72
12 19 72
17 68 72
37 71 72
27 60 72
22 54 72
25 26 72
32 65 72
36 71 72
20 29 72
22 25 72
54 66 72
20 30 72
4 38 72
39 52 72
8 63 72
9 60 72
30 30 72
9 46 72
3 22 72
6 33 72
9 35 72
1 64 73
5 51 73
14 33 73
0 59 73
43 69 73
64 67 73
16 57 73
36 64 73
42 70 73
42 65 73
50 72 73
3 53 73
3 21 73
0 22 73
68 72 73
30 35 73
10 38 73
28 52 73
4 11 73
25 27 73
11 24 73
24 49 73
45 64 73
8 21 73
12 16 73
2 24 73
2 47 73
14 27 73
2 56 73
2 32 74
36 55 74
3 16 74
23 73 74
21 42 74
64 69 74
31 60 74
67 70 74
6 74 74
19 71 74
19 60 74
0 73 74
2 44 74
49 67 74
47 68 74
65 71 74
5 11 74
8 26 74
32 60 74
25 71 74
11 12 74
1 25 74
57 63 74
0 27 74
9 58 74
55 60 74
22 39 74
47 61 74
35 52 74
14 56 74
2 57 74
42 62 75
70 71 75
23 71 75
43 75 75
13 38 75
15 16 75
16 19 75
12 54 75
26 60 75
25 63 75
47 74 75
19 30 75
5 43 75
16 63 75
5 71 75
28 64 75
14 60 75
41 46 75
23 72 75
15 67 75
16 59 75
3 56 75
18 61 75
62 71 75
1 39 75
43 50 75
9 72 75
4 16 75
58 70 75
50 67 75
23 46 75
69 71 75
42 45 75
24 35 75
31 41 75
10 36 75
40 70 75
6 40 75
53 67 75
16 64 75
6 17 75
2 55 75
11 43 76
4 70 76
10 20 76
29 68 76
57 67 76
17 42 76
25 31 76
28 74 76
44 70 76
12 18 76
29 68 76
24 38 76
33 53 76
8 47 76
12 66 76
33 59 76
10 28 76
1 41 76
8 24 76
4 5 76
14 62 76
24 26 76
41 48 76
40 62 76
39 64 76
8 23 76
22 57 76
53 71 76
53 60 76
73 74 76
29 42 76
42 65 76
24 44 76
42 62 76
32 37 76
57 73 76
12 54 76
40 55 76
29 62 76
29 52 76
18 53 76
30 55 76
59 61 76
18 58 76
18 75 76
19 27 76
30 75 77
14 36 77
3 15 77
43 66 77
18 46 77
15 71 77
24 60 77
26 38 77
4 28 77
9 73 77
29 59 77
51 58 77
12 54 77
13 75 77
16 33 77
25 74 77
7 74 77
9 40 77
2 21 77
41 59 77
23 35 77
29 44 77
64 75 77
39 54 77
1 43 77
20 23 77
46 57 77
53 60 77
0 25 77
43 61 77
20 44 77
29 50 77
16 37 77
0 9 77
26 58 77
20 33 77
62 71 77
9 22 77
26 52 77
57 76 77
41 67 77
35 44 77
35 38 77
12 77 78
27 61 78
45 78 78
48 62 78
23 35 78
5 77 78
21 75 78
9 37 78
25 77 78
64 75 78
25 64 78
14 74 78
10 25 78
24 52 78
8 37 78
2 42 78
6 64 78
43 65 78
29 73 78
15 73 78
0 5 78
7 52 78
13 17 78
7 45 78
63 70 78
6 56 78
68 77 78
38 38 78
15 73 78
31 50 78
43 67 78
6 40 78
28 74 78
0 54 78
3 50 78
16 72 78
43 63 78
30 53 79
7 27 79
12 13 79
43 53 79
45 69 79
0 25 79
9 68 79
3 55 79
23 57 79
10 58 79
7 17 79
16 28 79
6 38 79
50 67 79
3 24 79
22 56 79
39 68 79
22 36 79
12 48 79
25 71 79
6 51 79
50 66 79
33 63 79
0 65 79
6 15 79
12 75 79
17 47 79
31 53 79
12 34 79
8 57 79
21 29 79
6 75 79
31 35 79
13 59 79
42 59 79
22 72 79
21 49 79
61 76 79
21 70 79
17 25 79
63 64 79
3 72 79
20 31 79
44 69 79
13 47 79
1 77 80
10 20 80
3 43 80
47 64 80
37 59 80
41 47 80
51 52 80
26 59 80
64 75 80
16 60 80
25 66 80
60 78 80
15 73 80
60 64 80
19 50 80
33 46 80
3 62 80
9 72 80
15 67 80
36 67 80
37 61 80
31 38 80
44 61 80
7 68 80
70 75 80
2 37 80
5 25 80
43 67 80
20 37 80
33 47 80
28 79 80
2 67 80
8 24 80
46 71 80
48 68 80
32 55 80
40 68 80
21 56 80
32 40 80
8 65 81
16 61 81
27 61 81
43 74 81
15 54 81
0 62 81
36 43 81
35 58 81
12 69 81
13 60 81
51 65 81
25 30 81
4 34 81
17 41 81
22 72 81
40 80 81
27 73 81
64 79 81
38 50 81
29 77 81
11 78 81
11 62 81
30 49 81
27 81 81
27 32 81
3 24 81
12 12 81
30 62 81
14 40 81
68 76 81
13 27 81
34 70 81
1 26 81
30 73 81
49 66 81
11 55 81
48 71 81
52 59 81
16 30 81
43 75 81
39 68 81
14 32 82
55 77 82
7 38 82
16 73 82
20 36 82
52 73 82
23 60 82
12 25 82
34 58 82
40 40 82
18 49 82
2 50 82
19 45 82
27 39 82
18 53 82
15 29 82
15 50 82
54 66 82
2 10 82
70 73 82
11 45 82
31 43 82
15 28 82
65 72 82
7 40 82
18 41 82
27 60 82
47 71 82
17 45 82
8 32 82
2 2 82
30 32 82
38 82 82
35 78 82
11 75 82
5 16 83
52 62 83
36 79 83
33 34 83
37 52 83
49 81 83
11 17 83
14 64 83
13 64 83
72 72 83
41 70 83
59 70 83
11 26 83
33 56 83
60 64 83
27 72 83
8 17 83
20 33 83
18 59 83
26 53 83
12 26 83
3 74 83
0 77 83
10 28 83
25 38 83
0 13 83
0 72 83
60 75 83
10 39 83
5 32 83
36 46 83
52 69 83
0 20 83
2 59 83
6 40 83
16 23 83
41 76 83
67 75 83
10 13 83
19 30 83
37 64 83
1 35 83
24 53 83
14 17 83
20 30 83
54 63 83
45 74 83
7 51 84
59 62 84
46 76 84
52 62 84
41 61 84
32 82 84
31 81 84
35 48 84
11 31 84
3 53 84
44 59 84
5 48 84
19 59 84
1 7 84
12 77 84
9 29 84
8 30 84
3 9 84
14 56 84
50 55 84
65 76 84
33 60 84
0 66 84
3 43 84
30 81 84
37 49 84
20 75 84
15 50 84
3 75 84
7 36 84
39 50 84
58 77 84
26 66 84
79 84 84
13 26 84
8 74 84
21 79 84
33 36 84
34 56 84
38 64 85
15 71 85
47 55 85
26 85 85
23 48 85
33 58 85
33 45 85
10 44 85
30 68 85
12 44 85
40 44 85
52 55 85
63 84 85
6 75 85
70 77 85
63 71 85
48 57 85
55 67 85
8 70 85
51 58 85
72 82 85
6 31 85
20 62 85
8 60 85
5 24 85
23 50 85
52 53 85
4 80 85
41 42 85
0 77 85
39 40 85
24 85 85
12 24 85
71 84 85
19 44 85
29 38 85
3 75 85
4 54 85
10 41 85
70 77 85
21 42 85
0 16 85
41 85 85
8 64 85
9 23 85
2 4 85
9 67 85
16 64 86
43 85 86
69 79 86
47 63 86
17 61 86
61 84 86
42 83 86
35 42 86
70 82 86
22 72 86
33 83 86
16 83 86
12 42 86
27 51 86
34 53 86
3 6 86
35 73 86
0 7 86
34 42 86
11 39 86
24 73 86
16 69 86
28 60 86
19 76 86
14 42 86
18 61 86
64 80 86
20 36 86
35 46 86
10 33 86
83 84 86
26 42 86
9 25 86
20 63 86
34 85 86
50 58 86
62 65 86
38 55 86
12 29 86
26 75 86
0 71 86
10 63 86
12 24 86
33 44 86
13 50 86
2 31 86
58 83 86
4 20 86
17 43 86
26 30 86
14 19 86
26 67 86
54 73 86
65 82 86
45 68 86
25 40 87
28 55 87
35 75 87
7 35 87
5 70 87
15 33 87
19 22 87
52 64 87
30 71 87
32 59 87
9 68 87
26 30 87
65 84 87
45 86 87
5 45 87
28 55 87
14 39 87
66 84 87
42 79 87
11 79 87
9 85 87
12 31 87
19 27 87
12 87 87
44 71 87
8 16 87
15 45 87
10 48 87
4 27 87
14 39 87
31 73 87
47 50 87
66 76 87
55 57 87
54 85 87
32 35 87
36 72 87
19 27 87
20 54 87
41 76 87
65 84 87
0 21 87
11 12 87
3 30 87
38 82 87
47 62 87
7 23 87
28 45 87
76 77 87
3 23 87
17 21 87
1 72 88
9 63 88
57 64 88
40 56 88
51 67 88
29 77 88
71 77 88
19 80 88
18 84 88
32 87 88
4 35 88
34 45 88
49 80 88
36 50 88
56 67 88
68 76 88
27 44 88
15 39 88
3 11 88
42 47 88
47 85 88
43 79 88
27 67 88
17 39 88
49 63 88
5 44 88
39 62 88
18 33 88
29 29 88
29 47 88
64 83 88
43 59 88
27 66 88
64 69 88
24 58 88
28 34 88
35 71 88
33 88 88
14 45 88
22 37 88
33 63 88
28 36 88
14 32 88
20 83 88
40 47 88
23 40 88
48 75 88
6 39 89
23 68 89
4 28 89
66 78 89
3 36 89
3 44 89
82 88 89
34 85 89
8 24 89
37 84 89
8 47 89
23 38 89
5 75 89
4 21 89
60 87 89
56 74 89
12 76 89
55 66 89
16 57 89
17 82 89
13 32 89
17 54 89
36 45 89
45 50 89
3 22 89
62 64 89
21 47 89
35 61 89
34 69 89
38 80 89
35 69 89
41 75 89
8 30 89
37 44 89
50 57 89
21 57 89
2 42 89
16 35 89
15 24 89
83 86 89
0 81 89
14 55 89
45 59 89
73 85 89
43 73 89
58 62 89
65 84 89
3 9 90
24 84 90
5 59 90
61 64 90
19 87 90
1 43 90
22 67 90
16 33 90
4 34 90
3 8 90
29 55 90
66 88 90
14 71 90
16 49 90
56 73 90
0 41 90
55 55 90
69 79 90
45 68 90
28 37 90
65 75 90
55 68 90
5 26 90
10 76 90
56 60 90
9 67 90
49 55 90
5 72 90
50 79 90
67 89 90
21 58 90
33 71 90
46 55 90
20 22 90
8 27 90
15 24 90
71 80 90
9 60 90
16 40 90
8 42 90
36 85 90
33 48 90
29 83 90
12 68 90
21 27 90
53 79 91
52 55 91
46 88 91
6 45 91
60 89 91
18 81 91
32 87 91
28 37 91
57 79 91
11 59 91
10 83 91
31 78 91
50 60 91
7 25 91
43 45 91
51 79 91
8 90 91
12 40 91
14 91 91
22 31 91
3 77 91
77 85 91
36 75 91
35 69 91
55 64 91
80 88 91
50 53 91
21 30 91
54 60 91
12 75 91
10 78 91
19 55 91
75 80 91
20 75 91
15 67 91
10 78 91
16 53 91
41 57 91
2 42 91
23 54 92
50 90 92
84 92 92
20 77 92
57 61 92
53 55 92
48 50 92
8 64 92
54 77 92
17 57 92
32 42 92
42 54 92
59 89 92
26 64 92
78 92 92
27 48 92
61 78 92
55 57 92
56 59 92
6 69 92
59 86 92
22 67 92
10 10 92
62 69 92
2 59 92
46 79 92
1 80 92
13 28 92
47 49 92
9 12 92
16 79 92
1 27 92
10 76 92
48 83 92
30 89 92
25 59 92
44 72 92
49 66 92
3 49 92
77 87 92
17 25 92
13 48 92
54 85 92
37 39 92
13 48 92
15 70 92
36 86 92
66 68 92
11 65 93
83 91 93
12 28 93
66 76 93
65 85 93
17 49 93
6 35 93
16 68 93
44 69 93
24 40 93
34 65 93
61 70 93
16 18 93
12 66 93
0 36 93
27 76 93
89 89 93
4 9 93
4 64 93
15 88 93
1 24 93
23 26 93
41 63 93
17 21 93
50 54 93
18 90 93
1 54 93
33 84 93
44 65 93
84 89 93
52 72 93
28 56 93
0 12 93
13 92 93
15 53 93
21 43 93
3 79 93
52 82 93
19 82 93
63 91 93
24 60 93
5 80 93
7 70 93
12 82 93
69 71 93
58 81 93
60 85 93
24 43 93
22 42 93
47 58 93
66 75 93
23 89 93
4 41 94
24 78 94
4 34 94
14 38 94
5 45 94
51 91 94
4 13 94
40 44 94
10 20 94
0 48 94
12 21 94
0 81 94
31 45 94
9 82 94
38 59 94
24 34 94
41 94 94
36 49 94
22 71 94
51 56 94
26 64 94
29 91 94
21 29 94
50 79 94
27 40 94
54 85 94
1 7 94
35 43 94
27 73 94
41 88 94
81 93 94
86 93 94
46 89 94
54 61 94
8 9 94
24 58 94
3 18 94
45 82 94
29 78 94
19 76 94
52 61 94
6 83 94
64 94 94
21 36 94
12 81 94
49 56 94
21 59 94
3 50 94
33 83 94
25 50 94
13 66 95
0 57 95
48 51 95
47 69 95
24 48 95
0 28 95
58 61 95
11 20 95
46 54 95
32 38 95
38 75 95
38 93 95
10 61 95
65 84 95
39 67 95
5 75 95
11 11 95
26 39 95
32 64 95
14 91 95
20 83 95
24 79 95
0 55 95
13 26 95
19 71 95
77 85 95
18 53 95
45 86 95
9 20 95
15 88 95
9 31 95
48 65 95
9 68 95
11 75 95
28 57 95
28 49 95
82 95 95
17 53 95
27 52 95
12 61 95
24 89 95
19 62 95
71 85 95
43 87 95
48 68 95
67 84 95
9 14 95
21 62 96
15 81 96
24 78 96
11 48 96
55 66 96
62 75 96
47 65 96
60 79 96
34 46 96
19 52 96
18 62 96
64 93 96
34 78 96
20 82 96
2 93 96
12 71 96
70 90 96
8 41 96
30 36 96
52 91 96
5 80 96
13 61 96
27 33 96
0 31 96
45 54 96
41 85 96
53 88 96
2 67 96
34 66 96
18 50 96
14 29 96
15 90 96
25 27 96
13 57 96
68 70 96
89 95 96
11 39 96
6 61 96
18 87 96
31 42 96
72 84 96
62 67 96
34 63 96
61 88 96
9 65 96
71 80 96
38 60 96
39 43 96
3 19 96
66 74 96
14 90 96
46 95 96
68 83 96
6 13 97
1 11 97
39 47 97
13 42 97
40 50 97
6 22 97
69 87 97
4 22 97
35 54 97
2 8 97
18 41 97
0 44 97
83 96 97
0 41 97
10 20 97
35 62 97
0 57 97
70 76 97
21 73 97
11 16 97
7 36 97
62 80 97
16 40 97
45 46 97
2 28 97
11 54 97
38 90 97
43 68 97
13 87 97
26 51 97
18 25 97
61 80 97
9 52 97
43 90 97
45 64 97
9 34 97
4 90 97
3 27 97
1 52 97
2 92 97
43 60 97
30 77 97
6 70 97
6 38 97
65 96 97
9 41 97
1 31 97
3 76 97
19 55 97
26 52 97
22 64 97
8 41 97
63 73 97
59 61 97
35 44 97
36 43 97
15 48 97
4 80 97
56 67 97
72 79 97
46 64 97
68 94 97
54 78 97
16 25 97
80 81 97
78 90 97
34 85 97
12 39 97
79 87 98
33 67 98
36 37 98
3 25 98
16 79 98
7 85 98
65 69 98
41 96 98
17 49 98
66 85 98
1 45 98
38 60 98
2 43 98
28 69 98
25 47 98
16 47 98
62 92 98
55 60 98
30 92 98
17 85 98
22 84 98
57 96 98
13 86 98
15 62 98
10 59 98
38 67 98
25 93 98
51 90 98
1 14 98
7 90 98
8 67 98
54 57 98
57 69 98
18 77 98
24 28 98
24 56 98
69 86 98
57 61 98
12 46 98
2 9 98
11 44 98
17 25 98
34 39 98
13 91 98
56 61 98
27 77 98
14 41 98
57 84 98
56 88 98
38 75 98
75 94 98
96 96 98
27 55 98
49 53 98
50 94 98
71 72 99
58 62 99
36 63 99
2 5 99
66 71 99
4 34 99
15 92 99
16 79 99
7 28 99
12 76 99
19 21 99
12 29 99
52 77 99
49 68 99
44 68 99
32 41 99
62 74 99
27 65 99
32 97 99
7 18 99
36 59 99
75 94 99
84 95 99
84 95 99
83 98 99
9 47 99
12 98 99
82 86 99
13 41 99
2 35 99
13 63 99
45 64 99
4 47 99
5 42 99
44 86 99
68 74 99
54 97 99
66 95 99
74 92 99
22 39 99
57 84 99
28 61 99
9 34 99
23 70 99
55 86 99
22 72 99
95 98 99
63 64 99
29 45 99
64 75 99
32 68 99
19 27 99
4 30 99
66 98 99
22 95 99
14 91 99
9 39 99
40 73 99
43 69 99
70 78 99
15 91 99
6 71 99
17 59 99
10 54 99
18 42 99
