0 0 3
1 1 3
1 4 4
0 1 4
0 3 5
3 4 7
2 6 9
2 2 9
4 7 9
0 2 9
4 9 10
7 8 10
6 7 11
8 9 11
10 11 12
11 12 12
0 9 12
3 6 13
2 3 13
3 5 13
9 11 13
5 9 13
6 11 13
2 8 14
9 13 14
6 9 14
7 8 14
4 14 14
9 9 14
1 13 15
4 5 15
4 6 15
6 14 15
4 10 15
4 4 15
4 12 15
8 12 16
7 15 16
3 12 16
11 14 16
0 15 16
8 11 16
8 10 17
0 6 17
1 8 17
10 14 17
1 14 18
3 9 18
1 5 18
10 12 18
6 13 18
5 14 18
12 13 18
6 14 18
7 11 18
16 18 18
0 8 18
8 14 19
1 4 19
17 19 19
3 3 19
6 15 19
2 4 19
5 19 19
3 18 19
7 10 19
9 18 19
12 19 20
5 20 20
4 9 20
5 17 20
15 20 20
13 17 20
2 14 20
15 16 20
1 8 21
12 19 21
13 14 21
1 20 21
5 16 21
2 13 21
6 9 21
1 6 21
9 10 21
0 3 21
3 13 21
6 17 21
0 7 21
8 12 22
4 17 22
1 8 22
2 3 22
0 11 22
18 22 22
15 15 22
3 12 22
1 20 22
0 14 22
10 19 22
8 19 22
3 20 23
12 12 23
15 17 23
5 8 23
14 18 23
3 9 23
5 19 23
18 21 23
1 22 23
17 19 23
7 12 23
3 8 23
4 12 23
9 19 24
2 15 24
3 15 24
10 11 24
15 23 24
7 23 24
0 1 24
7 15 24
5 15 24
16 18 24
5 14 24
17 23 24
4 21 25
9 10 25
18 22 25
6 13 25
1 16 25
1 21 25
0 14 25
15 18 25
7 19 25
13 21 25
10 24 25
0 9 25
2 4 25
3 12 25
2 24 25
11 14 25
0 24 25
2 11 25
14 17 25
1 19 25
19 22 25
9 24 26
8 16 26
11 14 26
14 21 26
12 16 26
0 8 26
8 23 26
2 15 26
7 13 26
2 3 26
0 5 26
2 11 26
17 17 26
14 17 26
9 11 26
18 26 26
1 15 26
1 3 26
16 23 26
19 19 26
11 17 26
4 9 26
1 9 26
16 24 26
2 16 26
10 16 26
8 11 26
20 20 26
7 20 27
3 20 27
4 4 27
15 22 27
9 22 27
20 24 27
1 24 27
10 27 27
1 19 27
2 14 27
2 9 27
1 3 27
8 19 27
17 25 27
9 19 27
14 17 27
2 6 27
2 26 27
17 26 27
9 15 27
10 20 28
2 2 28
2 4 28
18 28 28
14 27 28
18 18 28
19 26 28
5 23 28
5 8 28
17 24 28
12 14 28
9 19 28
2 7 28
5 16 28
14 25 28
8 17 28
25 28 28
12 20 28
7 15 28
2 19 28
16 28 28
7 27 28
10 10 28
1 23 28
0 24 28
24 28 29
8 18 29
8 14 29
9 15 29
8 22 29
3 22 29
22 24 29
0 15 29
19 28 29
20 24 29
7 26 29
7 8 29
19 26 29
6 27 29
17 29 29
15 21 29
6 14 29
1 15 29
10 28 29
2 12 29
17 22 29
7 23 29
22 26 29
2 25 29
13 23 29
3 12 29
1 18 29
6 7 29
25 29 29
12 25 29
9 24 30
9 29 30
9 23 30
9 14 30
1 25 30
12 19 30
6 28 30
11 24 30
15 26 30
13 29 30
16 20 30
10 13 30
23 24 30
16 26 30
7 23 30
9 25 30
10 15 30
1 30 30
1 12 30
5 8 30
3 6 30
10 15 30
1 5 30
17 26 30
1 20 30
0 25 30
1 8 30
3 22 30
26 26 30
9 22 30
13 28 30
20 28 30
9 29 31
2 26 31
0 22 31
3 22 31
8 9 31
8 30 31
14 23 31
11 30 31
23 25 31
14 30 31
16 18 31
14 29 31
3 18 31
3 29 31
23 23 31
2 14 31
18 20 31
12 20 31
21 25 31
10 12 32
4 20 32
0 22 32
11 23 32
1 29 32
22 26 32
6 31 32
11 28 32
10 29 32
4 13 32
10 18 32
6 16 32
11 18 32
5 17 32
18 28 32
8 26 32
4 18 32
24 32 32
6 29 32
9 19 32
18 27 32
13 18 32
17 23 32
9 16 32
6 26 32
16 30 32
22 32 32
6 13 32
13 29 32
13 31 33
29 31 33
13 26 33
6 20 33
6 27 33
5 19 33
1 24 33
7 11 33
23 27 33
25 32 33
12 16 33
20 31 33
0 19 33
0 23 33
2 27 33
3 8 33
8 30 33
13 25 33
17 20 33
18 23 33
0 23 33
14 20 33
1 23 33
4 14 33
31 32 33
11 28 33
17 31 33
11 21 33
1 19 33
15 16 33
9 33 33
2 26 33
7 15 33
4 23 33
4 21 33
27 33 33
8 20 33
1 2 33
7 18 33
7 8 33
17 24 33
14 25 33
14 23 34
9 33 34
20 29 34
3 12 34
4 10 34
0 14 34
17 23 34
7 26 34
7 8 34
11 19 34
8 20 34
18 32 34
29 31 34
1 9 34
7 30 34
5 29 34
20 33 34
1 9 34
14 16 34
9 32 34
15 17 34
18 23 34
2 10 34
7 31 34
18 21 34
26 28 34
3 16 34
5 10 34
13 30 34
12 30 34
20 30 34
0 18 34
7 17 35
15 16 35
17 28 35
28 32 35
5 6 35
13 33 35
11 34 35
12 17 35
2 5 35
12 33 35
10 29 35
6 7 35
5 16 35
18 22 35
19 31 35
21 30 35
5 32 35
8 25 35
30 32 35
26 31 35
22 26 35
15 22 35
5 6 35
1 2 35
13 31 35
8 18 35
7 34 35
29 35 35
8 22 35
8 25 35
3 28 35
17 17 35
7 31 35
2 2 35
6 12 35
19 20 35
13 25 35
21 28 36
13 16 36
25 28 36
10 19 36
24 35 36
11 20 36
0 23 36
2 23 36
31 33 36
7 20 36
19 31 36
8 20 36
6 33 36
21 29 36
3 12 36
11 19 36
1 22 36
5 24 36
13 34 36
10 15 36
22 35 36
28 29 36
24 35 36
1 34 36
17 30 36
3 19 36
33 34 36
14 36 36
24 24 36
32 33 36
12 22 36
2 22 36
2 28 36
31 36 36
2 11 36
11 35 36
0 31 37
11 13 37
15 26 37
6 18 37
16 20 37
23 26 37
8 12 37
4 10 37
29 36 37
22 32 37
21 23 37
6 9 37
5 22 37
8 34 37
24 36 37
11 18 37
24 28 37
2 14 37
10 11 37
10 15 37
18 23 37
3 26 37
0 25 37
5 27 37
3 19 37
3 15 37
11 16 37
26 26 37
7 13 37
19 28 37
7 26 37
21 28 37
27 27 37
3 19 37
1 36 37
17 32 37
5 28 37
8 34 38
8 38 38
9 35 38
2 9 38
17 23 38
5 16 38
22 35 38
5 15 38
3 4 38
5 18 38
0 11 38
3 20 38
13 25 38
12 14 38
16 19 38
10 17 38
11 29 38
12 32 38
5 16 38
14 16 38
29 32 38
8 26 38
24 33 38
26 32 38
3 14 38
13 21 38
20 23 38
25 29 38
3 33 38
8 32 38
11 37 38
4 24 38
27 30 38
0 7 38
14 34 38
18 32 38
5 31 38
8 37 38
19 32 38
7 17 38
9 21 38
3 29 38
11 32 38
0 26 38
9 17 38
2 11 38
10 18 38
20 35 38
10 36 38
0 15 38
17 25 38
29 34 39
6 27 39
24 32 39
7 29 39
6 28 39
23 29 39
24 35 39
27 37 39
11 23 39
0 37 39
13 36 39
3 20 39
8 17 39
25 30 39
24 29 39
19 35 39
7 38 39
24 34 39
22 36 39
11 23 39
20 24 39
5 37 39
11 36 39
4 29 39
4 19 39
11 13 39
8 14 39
16 18 39
31 33 39
6 16 39
14 19 39
5 30 39
4 5 39
10 16 39
10 12 39
21 23 39
7 14 39
21 27 39
11 24 39
34 38 39
31 34 39
31 31 39
7 38 39
1 14 39
3 27 39
20 36 39
17 29 39
32 39 39
33 35 39
2 37 39
0 21 39
10 33 39
28 36 39
29 33 40
29 37 40
27 31 40
1 3 40
15 37 40
15 19 40
38 39 40
7 24 40
21 36 40
18 25 40
11 27 40
2 34 40
34 34 40
21 25 40
24 40 40
2 39 40
0 22 40
5 18 40
0 2 40
10 12 40
11 31 40
7 11 40
4 23 40
22 25 40
2 18 40
8 32 40
32 35 40
11 22 40
6 29 40
35 36 40
10 19 40
11 40 40
14 14 40
4 16 40
9 29 40
14 25 40
4 26 40
10 23 40
10 15 40
20 25 40
17 24 40
0 10 40
4 20 40
18 37 40
5 26 40
7 10 40
8 14 40
2 24 40
5 17 40
12 18 40
12 25 40
14 20 40
4 23 40
11 17 40
11 18 41
15 40 41
14 31 41
11 21 41
10 26 41
12 29 41
27 35 41
26 28 41
22 33 41
13 29 41
12 17 41
12 24 41
3 27 41
8 34 41
22 37 41
34 37 41
4 35 41
5 10 41
6 21 41
7 12 41
6 14 41
1 3 41
3 29 41
22 28 41
25 28 41
5 23 41
9 18 41
18 31 41
12 35 41
8 32 41
21 30 41
6 33 41
6 10 41
6 8 41
0 35 41
28 38 41
5 19 41
25 40 41
27 33 41
35 39 41
5 13 41
15 33 41
0 9 41
26 33 41
14 31 42
29 36 42
12 16 42
2 16 42
29 42 42
32 41 42
9 19 42
11 24 42
5 35 42
1 37 42
21 30 42
26 33 42
2 3 42
16 20 42
14 28 42
5 13 42
20 35 42
27 40 42
18 34 42
9 27 42
2 30 42
20 28 42
6 39 42
15 21 42
0 26 42
36 42 42
12 31 42
7 31 42
21 36 42
3 3 42
1 11 42
33 35 42
32 39 42
10 37 42
2 25 42
22 23 42
3 37 42
36 40 42
24 26 42
16 23 42
2 21 42
21 39 42
10 35 42
6 29 42
3 39 42
24 37 42
5 21 42
0 30 42
7 31 42
24 31 42
6 39 42
4 36 42
7 17 42
15 16 43
27 31 43
0 1 43
4 17 43
5 14 43
26 35 43
8 26 43
14 36 43
0 23 43
5 31 43
1 25 43
2 12 43
4 34 43
20 22 43
16 19 43
24 37 43
26 43 43
25 31 43
1 40 43
29 36 43
20 24 43
1 32 43
32 42 43
34 34 43
14 26 43
17 42 43
22 33 43
0 26 43
14 36 43
20 28 43
20 25 43
16 34 43
31 37 43
1 37 43
1 26 43
2 32 43
15 37 43
35 39 43
2 13 43
19 27 43
28 41 43
23 26 43
0 4 43
6 9 43
11 38 43
9 27 43
19 28 43
9 21 43
21 24 43
12 22 43
18 23 43
4 42 43
3 42 43
3 7 43
9 27 43
17 37 43
0 27 43
10 30 44
5 18 44
17 42 44
28 38 44
1 8 44
31 36 44
7 23 44
8 44 44
23 29 44
3 17 44
2 42 44
19 24 44
22 37 44
26 29 44
0 3 44
8 38 44
18 29 44
3 41 44
17 31 44
23 43 44
24 28 44
37 39 44
1 5 44
0 3 44
13 17 44
7 28 44
3 3 44
37 39 44
0 33 44
15 29 44
11 12 44
7 16 44
30 37 44
29 39 44
1 13 44
3 18 44
3 38 44
12 23 44
20 44 44
28 28 44
23 29 44
3 13 44
7 41 44
0 19 44
10 21 44
13 13 44
33 37 44
6 39 44
1 3 44
20 40 44
8 21 44
19 32 44
20 27 44
19 35 44
4 11 44
10 30 44
21 35 44
1 10 44
4 13 44
10 38 44
28 33 44
17 23 44
28 38 44
16 19 44
28 28 44
33 33 44
20 38 44
2 15 44
11 34 44
13 14 44
6 23 45
6 35 45
19 38 45
8 35 45
5 40 45
42 44 45
15 29 45
19 21 45
4 14 45
27 31 45
31 44 45
36 43 45
41 44 45
27 34 45
24 39 45
27 41 45
9 14 45
21 28 45
11 30 45
33 44 45
1 9 45
23 40 45
14 26 45
27 31 45
11 24 45
13 25 45
31 41 45
9 10 45
5 14 45
22 34 45
13 27 45
1 33 45
20 40 45
15 40 45
18 39 45
5 25 45
21 43 45
35 42 45
20 44 45
10 11 45
6 20 45
5 28 45
11 30 45
1 16 45
11 38 45
5 10 45
10 33 45
16 26 45
10 19 45
41 44 45
13 18 45
10 28 45
19 34 45
22 26 45
36 36 45
9 25 45
9 25 45
15 35 45
1 20 45
0 30 45
12 33 45
12 38 45
22 27 45
34 37 45
13 40 45
15 29 45
25 44 46
23 45 46
4 16 46
0 41 46
20 34 46
29 37 46
1 41 46
20 23 46
3 40 46
3 42 46
7 8 46
17 40 46
24 34 46
17 25 46
28 35 46
17 35 46
8 41 46
33 46 46
10 45 46
8 28 46
22 29 46
33 38 46
14 40 46
3 29 46
1 33 46
31 36 46
13 32 46
1 43 46
17 39 46
44 44 46
13 18 46
19 32 46
3 43 46
8 28 46
14 20 46
8 44 46
8 35 46
14 18 46
3 32 46
6 34 46
24 34 46
12 38 46
1 22 46
7 17 46
7 40 46
3 31 46
30 40 46
3 10 46
15 22 46
6 15 46
27 36 46
16 41 46
16 42 46
19 29 46
28 45 46
18 40 46
0 21 46
12 36 46
4 16 46
26 31 46
0 24 46
1 40 46
22 32 46
5 10 46
3 31 46
33 41 47
2 32 47
12 26 47
8 40 47
15 15 47
0 31 47
27 33 47
1 31 47
0 34 47
24 43 47
21 38 47
6 34 47
8 16 47
16 38 47
13 40 47
26 42 47
3 26 47
10 46 47
0 14 47
10 12 47
3 24 47
17 29 47
13 42 47
10 17 47
6 43 47
13 31 47
3 13 47
1 41 47
1 19 47
7 31 47
5 16 47
12 33 47
36 41 47
13 22 47
17 35 47
26 32 47
37 40 47
9 39 47
2 9 47
5 13 47
33 43 47
4 27 47
16 32 47
0 2 47
6 39 47
8 19 47
6 45 47
2 9 47
37 42 47
2 12 47
31 32 47
2 40 47
7 35 47
12 19 47
41 43 47
35 36 47
0 10 47
0 10 47
1 22 47
21 44 47
15 15 47
1 2 47
20 41 47
4 28 47
5 36 47
6 32 47
4 13 47
16 43 47
0 24 47
10 22 47
19 21 47
23 46 47
36 46 48
26 27 48
34 47 48
43 45 48
29 45 48
9 31 48
0 5 48
7 47 48
17 34 48
9 36 48
28 31 48
32 43 48
14 41 48
28 41 48
20 47 48
27 47 48
13 45 48
20 30 48
28 47 48
19 28 48
1 5 48
33 44 48
9 10 48
44 48 48
37 47 48
21 28 48
7 39 48
2 45 48
30 38 48
32 46 48
15 39 48
13 30 48
42 44 48
44 48 48
11 13 48
36 42 48
35 45 48
34 40 48
22 46 48
18 22 48
9 44 48
37 39 48
18 18 48
20 36 48
15 23 48
39 48 48
11 25 48
5 39 48
11 25 48
12 30 48
28 33 48
5 19 48
23 30 48
10 38 48
18 26 48
27 43 48
9 47 48
6 30 48
28 33 48
22 24 48
9 12 48
18 22 48
42 44 48
21 46 48
14 32 48
6 32 48
4 4 48
3 18 48
7 40 48
17 36 48
21 47 48
10 39 48
6 34 48
17 42 48
1 37 48
26 36 48
13 21 48
1 24 48
28 31 48
2 25 48
10 13 48
3 11 48
38 40 49
13 41 49
15 27 49
15 45 49
38 45 49
17 29 49
19 44 49
24 25 49
1 10 49
6 10 49
43 46 49
4 44 49
14 16 49
37 40 49
21 39 49
0 36 49
4 28 49
11 48 49
7 29 49
2 47 49
22 40 49
29 43 49
21 22 49
19 43 49
4 38 49
42 45 49
31 33 49
25 35 49
7 29 49
25 29 49
19 20 49
11 14 49
46 48 49
21 36 49
23 34 49
12 40 49
0 30 49
22 26 49
16 20 49
9 43 49
25 48 49
12 26 49
20 45 49
2 11 49
0 9 49
18 29 49
16 31 49
19 25 49
28 34 49
23 41 49
23 44 49
1 35 49
18 25 49
18 31 49
21 29 49
6 35 49
18 26 49
5 12 49
28 41 49
0 6 49
12 18 49
19 42 49
10 47 49
10 15 49
18 46 49
10 34 49
12 41 49
8 33 49
25 45 49
0 12 49
9 48 49
25 33 49
0 40 49
9 48 49
0 8 50
15 35 50
18 38 50
0 12 50
13 24 50
15 27 50
11 29 50
24 49 50
14 43 50
31 38 50
10 47 50
0 48 50
0 49 50
44 47 50
3 28 50
6 45 50
4 35 50
18 45 50
1 4 50
19 47 50
10 37 50
12 37 50
3 47 50
5 7 50
14 33 50
15 26 50
6 16 50
12 15 50
38 40 50
43 49 50
5 30 50
19 48 50
8 44 50
14 15 50
26 35 50
14 25 50
28 42 50
2 38 50
37 42 50
7 20 50
11 15 50
3 44 50
21 40 50
9 48 50
34 43 50
1 39 50
33 43 50
17 35 50
22 31 50
1 2 50
17 47 50
26 30 50
12 46 50
9 48 50
0 31 50
37 38 50
27 44 50
5 34 50
5 48 50
9 20 50
25 25 50
31 48 50
11 31 50
7 19 50
39 49 50
14 32 50
18 19 50
34 35 50
3 18 50
27 31 50
26 47 50
9 15 50
13 13 50
12 24 50
8 23 50
2 40 50
29 47 50
18 24 51
2 16 51
7 44 51
14 43 51
20 28 51
10 44 51
9 15 51
9 41 51
32 49 51
34 38 51
14 38 51
10 39 51
7 14 51
4 42 51
14 43 51
12 21 51
5 25 51
9 21 51
4 4 51
14 38 51
12 42 51
14 39 51
25 34 51
6 42 51
32 43 51
34 34 51
26 37 51
37 40 51
6 32 51
5 18 51
2 14 51
28 34 51
27 41 51
25 37 51
15 26 51
12 31 51
18 21 51
0 7 51
9 21 51
15 41 51
9 21 51
8 22 51
22 33 51
22 29 51
22 31 51
0 12 51
22 49 51
18 43 51
22 27 51
12 39 51
15 46 51
15 24 51
12 39 51
33 36 51
8 31 51
17 31 51
8 22 51
18 38 51
22 25 51
19 37 51
2 9 51
0 1 51
23 38 51
25 47 51
10 32 51
42 48 51
37 40 51
5 37 51
23 51 51
12 27 51
14 18 52
42 49 52
35 47 52
1 16 52
21 52 52
33 34 52
10 47 52
21 28 52
9 44 52
18 51 52
23 38 52
23 46 52
4 37 52
5 28 52
9 16 52
23 31 52
2 5 52
15 37 52
8 29 52
30 42 52
25 43 52
35 36 52
3 11 52
16 33 52
6 7 52
38 51 52
12 15 52
23 43 52
43 51 52
9 19 52
30 48 52
21 28 52
33 37 52
2 24 52
21 48 52
12 29 52
32 42 52
21 28 52
17 39 52
13 19 52
11 51 52
2 37 52
19 37 52
27 40 52
13 14 52
0 0 52
30 43 52
9 21 52
13 41 52
14 26 52
20 33 52
29 39 52
37 39 52
18 42 52
8 13 52
16 39 52
3 22 52
19 21 52
18 39 52
41 47 52
2 49 52
15 42 52
30 43 52
7 10 52
4 27 52
1 19 52
45 51 52
10 22 52
4 38 52
40 41 52
24 47 52
41 47 52
9 33 52
32 49 52
10 18 52
26 29 52
21 36 52
6 42 52
21 21 52
12 31 52
15 17 52
2 36 52
3 33 52
15 38 52
10 36 53
9 33 53
9 30 53
7 49 53
2 46 53
14 30 53
18 29 53
32 35 53
16 34 53
8 50 53
23 31 53
35 36 53
12 50 53
24 42 53
19 52 53
3 30 53
16 28 53
23 35 53
29 39 53
11 40 53
17 39 53
37 42 53
27 34 53
14 44 53
12 40 53
4 12 53
14 15 53
10 21 53
14 34 53
18 36 53
9 52 53
4 39 53
12 36 53
18 37 53
1 1 53
38 53 53
8 12 53
31 46 53
18 26 53
14 32 53
23 31 53
24 29 53
32 35 53
33 40 53
23 32 53
6 18 53
12 21 53
21 49 53
12 29 53
4 28 53
21 27 53
26 49 53
15 36 53
3 18 53
8 27 53
33 43 53
32 46 53
17 31 53
29 40 53
26 47 53
13 37 53
18 47 53
28 44 53
40 45 53
4 48 53
22 36 53
32 40 53
5 27 53
33 36 53
2 9 53
11 24 53
9 27 53
34 40 53
21 26 53
11 18 53
20 25 54
44 52 54
43 48 54
3 49 54
27 33 54
1 45 54
0 4 54
10 49 54
0 11 54
15 16 54
0 41 54
14 25 54
13 26 54
28 33 54
8 37 54
19 36 54
34 48 54
6 12 54
0 50 54
12 41 54
7 54 54
29 36 54
13 20 54
29 49 54
15 41 54
5 44 54
34 43 54
28 45 54
11 13 54
22 30 54
13 32 54
49 52 54
3 39 54
17 39 54
47 49 54
8 42 54
16 20 54
7 31 54
1 54 54
9 13 54
23 28 54
17 37 54
48 48 54
37 52 54
4 5 54
26 45 54
13 19 54
10 43 54
20 21 54
41 47 54
10 41 54
38 39 54
11 20 54
2 27 54
9 15 54
53 54 54
29 37 54
9 27 54
20 44 54
10 14 54
33 37 54
17 47 54
19 33 54
10 24 54
38 41 54
1 37 54
18 31 54
14 40 54
11 38 54
0 34 54
10 29 54
23 30 54
5 31 54
22 24 54
2 53 54
39 40 54
10 53 54
6 45 54
25 48 54
32 36 54
21 35 54
12 19 54
0 50 54
20 34 54
24 34 54
14 20 54
12 41 54
4 48 54
26 36 54
6 41 54
0 49 54
14 50 54
35 48 54
2 29 54
22 46 54
2 42 54
23 32 54
3 45 54
8 43 54
0 41 54
5 31 54
2 48 54
22 35 54
10 45 54
19 34 54
14 42 54
13 51 54
2 45 54
22 36 54
3 8 54
11 23 54
17 41 54
21 47 55
11 39 55
31 45 55
6 49 55
43 47 55
0 26 55
22 55 55
0 23 55
39 48 55
40 53 55
40 46 55
40 45 55
13 43 55
7 30 55
1 37 55
30 30 55
5 50 55
26 42 55
8 42 55
44 53 55
2 26 55
32 42 55
9 41 55
10 45 55
7 52 55
27 35 55
10 39 55
3 51 55
26 44 55
27 45 55
20 37 55
35 46 55
22 28 55
27 51 55
11 39 55
11 34 55
3 22 55
5 47 55
38 43 55
11 50 55
28 30 55
45 47 55
9 10 55
20 24 55
21 36 55
3 45 55
25 42 55
12 46 55
43 54 55
0 13 55
17 46 55
12 24 55
26 32 55
19 55 55
0 5 55
18 26 55
1 11 55
26 32 55
26 30 55
17 51 55
9 53 55
16 38 55
1 6 55
44 54 55
4 24 55
24 31 55
9 34 55
15 20 55
17 38 55
22 28 55
6 43 55
4 17 55
51 54 55
10 40 55
51 53 55
1 26 55
42 46 55
19 23 55
7 22 56
0 19 56
31 32 56
25 39 56
4 38 56
46 52 56
4 48 56
6 25 56
1 55 56
29 49 56
30 40 56
17 24 56
11 21 56
4 28 56
8 33 56
9 41 56
28 43 56
12 39 56
14 45 56
27 28 56
13 15 56
30 45 56
32 41 56
38 52 56
27 38 56
2 14 56
20 24 56
10 15 56
14 22 56
28 55 56
27 30 56
9 21 56
29 33 56
1 36 56
15 30 56
0 13 56
10 54 56
11 33 56
17 24 56
11 52 56
7 11 56
1 10 56
20 47 56
8 22 56
37 42 56
19 50 56
27 42 56
9 16 56
10 37 56
2 55 56
31 43 56
38 50 56
3 13 56
4 10 56
14 45 56
6 31 56
7 38 56
24 27 56
12 44 56
32 39 56
46 54 56
13 44 56
47 54 56
4 23 56
28 56 56
17 43 56
27 45 56
3 51 56
5 33 56
32 49 56
16 18 56
0 11 56
5 37 56
37 46 56
19 26 56
2 52 56
24 48 56
13 45 56
3 46 57
37 50 57
11 27 57
25 52 57
26 55 57
9 27 57
29 47 57
1 20 57
20 52 57
5 37 57
7 35 57
21 54 57
1 37 57
22 27 57
17 31 57
33 55 57
20 52 57
32 48 57
22 44 57
35 35 57
42 48 57
8 44 57
32 56 57
26 46 57
53 54 57
1 34 57
11 52 57
4 33 57
8 19 57
3 27 57
11 49 57
20 23 57
41 48 57
24 49 57
13 15 57
8 14 57
14 20 57
8 27 57
25 47 57
23 32 57
5 27 57
2 38 57
9 45 57
4 34 57
36 54 57
12 43 57
4 57 57
18 37 57
31 49 57
24 30 57
1 18 57
56 57 57
17 32 57
4 57 57
19 55 57
12 19 57
0 15 57
8 26 57
17 38 57
9 23 57
14 28 57
7 45 57
32 41 57
9 49 57
38 48 57
37 55 57
9 36 57
7 28 57
34 47 57
7 30 57
4 39 57
21 51 57
24 38 57
11 13 57
4 19 57
20 39 57
54 56 57
27 40 57
18 25 57
29 37 57
40 55 57
24 55 57
3 4 57
8 8 57
8 45 57
27 51 57
12 38 57
12 18 57
37 40 57
27 37 57
9 16 57
11 55 57
18 43 57
15 38 57
42 56 57
13 14 57
12 40 57
5 18 57
3 40 57
48 52 57
23 55 57
7 24 57
21 23 57
45 45 57
36 45 57
21 56 57
16 57 58
20 20 58
16 44 58
26 53 58
36 41 58
40 56 58
2 34 58
31 38 58
25 49 58
38 41 58
36 51 58
1 1 58
2 42 58
30 33 58
32 55 58
7 42 58
3 18 58
11 24 58
41 54 58
13 43 58
38 44 58
12 54 58
8 28 58
12 16 58
34 35 58
21 54 58
12 48 58
34 52 58
24 29 58
29 58 58
0 41 58
4 39 58
1 30 58
26 26 58
26 49 58
37 50 58
20 53 58
20 51 58
46 58 58
3 8 58
39 54 58
0 55 58
26 33 58
2 46 58
16 54 58
22 40 58
29 57 58
11 37 58
2 11 58
10 35 58
15 46 58
3 35 58
28 42 58
24 31 58
19 49 58
6 52 58
8 37 58
2 33 58
9 31 58
26 49 58
23 37 58
30 53 58
18 27 58
0 12 58
1 8 58
0 40 58
32 52 58
15 24 58
14 40 58
15 20 58
17 25 58
25 31 58
19 52 58
22 56 58
22 32 58
23 34 58
53 57 58
12 22 58
25 27 58
2 6 58
36 58 58
25 32 58
12 26 58
7 24 58
2 32 58
14 31 58
34 51 58
2 46 58
9 19 58
2 53 58
30 46 58
36 57 58
17 18 58
42 53 58
21 57 58
1 6 58
9 53 58
26 33 58
3 57 58
44 44 58
5 5 58
10 10 58
40 53 58
7 38 58
36 45 58
13 35 59
29 34 59
3 34 59
43 54 59
11 37 59
2 7 59
5 53 59
13 45 59
38 49 59
33 37 59
20 52 59
34 42 59
37 42 59
34 34 59
11 34 59
13 15 59
37 41 59
7 24 59
20 56 59
2 56 59
15 16 59
21 35 59
14 20 59
20 55 59
41 56 59
53 55 59
46 48 59
13 18 59
11 35 59
15 54 59
16 37 59
29 53 59
47 57 59
20 50 59
22 59 59
18 39 59
4 56 59
26 36 59
29 41 59
0 52 59
7 59 59
5 50 59
26 51 59
18 51 59
46 57 59
32 35 59
12 40 59
15 54 59
6 36 59
7 21 59
11 26 59
21 35 59
38 38 59
1 9 59
9 49 59
34 57 59
2 11 59
26 38 59
10 15 59
24 34 59
47 53 59
3 7 59
12 19 59
6 58 59
5 34 59
12 46 59
22 37 59
10 44 59
44 54 59
5 5 59
53 57 59
28 30 59
4 44 59
0 47 59
20 26 59
0 13 59
35 37 59
9 38 59
16 51 59
5 33 59
37 43 59
6 44 59
20 25 59
7 27 59
13 40 59
5 48 59
15 41 59
27 51 59
13 14 59
39 40 59
20 58 59
43 52 59
27 59 59
33 56 59
4 21 59
17 56 59
46 47 59
2 57 59
16 55 59
30 33 59
32 34 59
6 16 59
21 39 59
9 26 59
24 25 59
10 10 59
11 27 59
34 42 59
33 51 59
0 14 59
16 48 59
20 42 59
5 45 59
26 38 59
13 49 59
35 55 59
1 19 59
15 27 59
26 40 60
0 36 60
11 18 60
49 58 60
37 54 60
23 27 60
6 9 60
11 15 60
10 19 60
44 47 60
11 58 60
4 49 60
13 46 60
20 46 60
10 25 60
28 49 60
33 40 60
40 47 60
2 57 60
28 48 60
12 21 60
4 46 60
25 59 60
25 57 60
28 46 60
10 32 60
41 49 60
8 46 60
17 36 60
23 47 60
27 38 60
8 44 60
22 45 60
12 41 60
13 45 60
10 42 60
4 50 60
2 5 60
9 45 60
36 56 60
13 33 60
19 22 60
39 50 60
4 32 60
11 21 60
29 29 60
22 37 60
27 37 60
9 41 60
23 30 60
32 53 60
8 22 60
38 42 60
35 35 60
4 50 60
37 57 60
7 17 60
4 10 60
35 60 60
18 52 60
33 48 60
24 52 60
2 13 60
10 55 60
17 36 60
14 56 60
39 49 60
37 56 60
0 60 60
32 32 60
30 43 60
30 42 60
12 51 60
28 28 60
23 24 60
23 49 60
11 21 60
8 59 60
7 9 60
28 42 60
37 44 60
6 29 60
6 56 60
14 18 60
49 50 60
12 52 60
25 36 60
2 13 60
6 58 60
11 49 60
16 32 60
10 37 60
5 59 60
25 49 60
6 43 60
27 58 60
14 25 60
26 45 60
8 32 60
30 51 60
11 58 60
7 23 60
24 51 60
15 37 60
16 34 60
9 24 60
29 57 60
16 50 60
29 59 60
15 58 61
31 50 61
13 55 61
22 53 61
28 39 61
24 29 61
21 37 61
38 46 61
25 46 61
29 40 61
24 29 61
30 59 61
40 49 61
27 34 61
20 56 61
34 49 61
47 55 61
50 57 61
26 36 61
33 40 61
31 47 61
8 37 61
1 45 61
29 50 61
19 42 61
4 12 61
4 33 61
1 37 61
6 9 61
11 50 61
14 44 61
6 30 61
11 31 61
12 49 61
39 42 61
16 21 61
5 25 61
21 33 61
2 61 61
20 28 61
14 39 61
17 18 61
27 60 61
19 55 61
8 60 61
21 58 61
5 5 61
15 15 61
19 24 61
9 35 61
6 39 61
4 55 61
44 44 61
10 21 61
23 54 61
7 40 61
13 53 61
17 21 61
13 16 61
22 53 61
4 15 61
32 48 61
8 48 61
42 44 61
13 45 61
50 59 61
16 30 61
38 39 61
14 26 61
3 10 61
45 46 61
32 55 61
28 56 61
49 55 61
29 59 61
4 17 61
24 36 61
27 41 61
24 52 61
6 59 61
36 37 61
22 58 61
7 26 61
24 25 61
3 21 61
24 50 61
7 52 61
15 35 61
11 51 61
28 59 61
14 30 61
4 54 61
12 37 61
13 54 61
2 27 61
2 4 61
49 57 61
41 52 61
27 34 61
23 48 61
8 33 61
16 44 61
18 36 61
5 44 61
16 18 61
16 50 61
20 45 61
15 51 61
19 56 61
11 30 61
20 44 61
3 33 61
15 30 61
10 51 61
28 46 61
0 21 61
18 19 61
28 53 61
29 32 61
7 17 61
35 43 61
21 46 61
19 42 61
26 36 61
28 37 61
36 52 61
16 34 61
19 23 61
7 56 61
0 46 61
24 41 61
40 55 61
45 60 61
29 49 61
3 42 62
35 55 62
23 51 62
1 53 62
36 43 62
4 39 62
16 61 62
46 59 62
17 22 62
5 16 62
28 33 62
6 62 62
5 31 62
12 23 62
23 38 62
10 28 62
6 54 62
41 46 62
0 61 62
21 31 62
1 43 62
17 21 62
23 47 62
24 33 62
15 53 62
26 54 62
46 56 62
10 57 62
41 60 62
5 28 62
33 39 62
15 33 62
41 50 62
41 43 62
11 51 62
26 36 62
34 50 62
29 31 62
2 26 62
9 38 62
21 25 62
8 34 62
13 39 62
14 48 62
1 57 62
21 62 62
14 18 62
6 16 62
27 36 62
4 26 62
8 58 62
47 50 62
0 25 62
3 47 62
2 50 62
39 53 62
18 52 62
12 23 62
37 57 62
30 45 62
38 57 62
0 19 62
4 42 62
49 59 62
5 44 62
23 28 62
48 58 62
14 43 62
3 34 62
42 47 62
41 44 62
22 23 62
6 11 62
15 37 62
18 58 62
4 31 62
21 22 62
40 49 62
34 35 62
45 50 62
4 37 62
6 48 62
19 62 62
0 23 62
27 47 62
8 11 62
37 49 62
14 19 62
3 18 62
28 45 62
25 54 62
16 31 62
54 57 62
35 60 62
32 38 62
21 23 62
8 42 62
45 46 62
30 34 62
24 47 62
33 57 62
3 46 62
40 53 62
17 36 62
16 49 62
25 52 62
23 26 62
46 61 62
15 47 62
5 45 62
41 58 62
11 21 62
49 57 62
8 9 62
0 36 62
40 56 62
39 50 62
35 51 62
42 58 62
44 59 62
6 55 62
12 14 62
12 28 62
54 61 62
11 37 62
5 43 62
3 37 62
16 39 62
23 29 62
0 2 62
33 54 62
22 48 63
4 29 63
6 7 63
22 31 63
9 24 63
2 60 63
17 30 63
14 62 63
33 56 63
9 19 63
3 28 63
1 23 63
17 23 63
4 22 63
19 59 63
21 60 63
14 53 63
24 47 63
18 51 63
35 54 63
9 51 63
34 38 63
22 60 63
48 62 63
7 61 63
41 62 63
31 58 63
18 53 63
51 61 63
21 59 63
53 59 63
5 7 63
11 27 63
17 45 63
24 27 63
7 10 63
7 42 63
33 45 63
3 5 63
17 42 63
2 44 63
3 54 63
10 27 63
4 15 63
35 62 63
4 13 63
22 51 63
0 44 63
49 59 63
36 40 63
20 42 63
29 41 63
18 30 63
41 55 63
52 53 63
16 41 63
24 36 63
25 57 63
21 44 63
29 38 63
53 53 63
37 56 63
19 31 63
7 43 63
1 31 63
4 44 63
27 39 63
10 46 63
17 29 63
16 34 63
5 33 63
24 46 63
37 39 63
11 32 63
7 28 63
18 34 63
7 54 63
28 62 63
18 24 63
20 32 63
33 55 63
23 29 63
37 41 63
25 49 63
29 45 63
1 36 63
27 30 63
37 58 63
44 52 63
4 31 63
2 19 63
2 18 63
53 59 63
7 53 63
7 36 63
40 42 63
18 50 63
28 36 63
6 8 63
15 25 63
8 29 63
5 59 63
19 25 63
17 29 63
40 50 63
17 48 63
17 42 63
14 24 63
4 13 63
0 3 63
16 54 63
25 25 63
50 51 63
24 36 63
1 27 63
20 62 63
10 51 63
5 52 63
0 20 63
18 20 63
9 40 63
36 59 63
37 60 63
13 33 63
25 40 64
23 24 64
39 41 64
41 49 64
31 32 64
4 7 64
49 62 64
41 46 64
20 28 64
25 56 64
51 62 64
38 52 64
7 31 64
10 32 64
13 49 64
37 58 64
10 21 64
24 40 64
47 59 64
12 52 64
33 37 64
41 45 64
35 57 64
19 40 64
51 57 64
20 62 64
36 53 64
2 27 64
9 20 64
0 21 64
3 53 64
3 29 64
35 50 64
26 45 64
13 61 64
10 37 64
16 60 64
1 1 64
37 53 64
13 28 64
34 56 64
9 57 64
5 12 64
0 57 64
0 5 64
17 32 64
19 46 64
4 62 64
17 23 64
4 56 64
4 59 64
32 52 64
39 58 64
32 33 64
1 31 64
2 44 64
5 9 64
6 23 64
5 57 64
20 37 64
0 24 64
29 42 64
16 61 64
15 30 64
3 9 64
2 54 64
48 48 64
22 36 64
18 48 64
1 5 64
14 60 64
4 22 64
14 59 64
39 62 64
13 59 64
48 53 64
3 61 64
6 20 64
4 34 64
31 51 64
50 64 64
16 19 64
26 32 64
33 60 64
0 9 64
22 55 64
18 25 64
12 48 64
14 40 64
2 19 64
29 51 64
21 34 64
1 41 64
13 54 64
15 40 64
3 28 64
7 9 64
36 42 64
58 62 64
35 39 64
15 35 64
24 39 64
5 46 64
14 59 64
11 28 64
17 21 64
0 53 64
38 45 64
24 63 64
1 23 64
44 51 64
34 54 64
3 40 64
4 39 64
22 24 64
16 32 64
1 47 64
33 51 64
23 43 64
25 51 64
39 54 64
12 27 64
2 24 64
11 24 64
13 20 64
23 38 64
35 45 64
9 28 64
51 58 64
8 61 64
16 61 64
22 43 64
39 51 64
3 18 64
10 16 64
31 44 64
25 34 65
38 46 65
32 59 65
25 34 65
49 56 65
5 12 65
9 56 65
18 51 65
28 50 65
23 63 65
28 60 65
17 51 65
17 45 65
2 11 65
10 59 65
28 57 65
21 25 65
1 26 65
13 15 65
20 44 65
0 2 65
2 59 65
36 52 65
61 63 65
19 31 65
50 61 65
53 53 65
1 50 65
9 24 65
0 16 65
52 53 65
5 54 65
8 52 65
13 17 65
14 53 65
8 59 65
36 47 65
5 50 65
42 61 65
52 52 65
30 65 65
1 16 65
16 57 65
19 32 65
3 18 65
46 58 65
26 49 65
21 62 65
3 60 65
23 32 65
38 55 65
37 53 65
18 48 65
3 65 65
43 56 65
34 47 65
25 47 65
11 43 65
15 22 65
7 23 65
13 58 65
11 58 65
26 58 65
12 33 65
32 51 65
18 26 65
25 33 65
21 45 65
3 53 65
13 18 65
20 50 65
15 33 65
14 40 65
33 62 65
41 49 65
47 57 65
2 48 65
3 43 65
15 54 65
6 50 65
23 57 65
21 50 65
25 48 65
1 41 65
1 41 65
18 34 65
50 58 65
15 19 65
32 54 65
35 53 65
38 55 65
52 65 65
18 24 65
24 54 65
25 31 65
27 56 65
30 56 65
32 64 65
0 35 65
4 60 65
12 46 65
11 50 65
7 8 65
8 57 65
22 30 65
19 62 65
34 51 65
55 55 65
9 14 65
24 48 65
44 64 65
9 22 65
2 50 65
43 59 65
17 31 65
21 56 65
1 61 65
32 54 65
16 31 65
13 50 65
1 58 65
5 33 65
9 64 65
11 12 65
4 57 65
15 30 65
61 64 65
41 60 65
30 64 66
24 51 66
8 24 66
42 66 66
15 58 66
44 55 66
11 58 66
29 54 66
7 63 66
22 28 66
1 13 66
33 52 66
7 41 66
2 39 66
19 25 66
40 53 66
22 66 66
4 61 66
20 60 66
3 43 66
7 16 66
36 45 66
39 59 66
15 22 66
7 29 66
17 62 66
12 27 66
16 28 66
8 27 66
20 30 66
0 33 66
53 59 66
3 49 66
27 57 66
11 42 66
32 38 66
47 52 66
17 21 66
15 41 66
22 64 66
19 44 66
38 58 66
5 50 66
45 50 66
40 60 66
0 63 66
33 47 66
35 46 66
27 30 66
11 43 66
1 28 66
39 47 66
10 28 66
36 42 66
35 47 66
48 60 66
24 60 66
36 66 66
37 63 66
20 25 66
31 50 66
5 13 66
6 66 66
20 61 66
53 58 66
54 54 66
20 62 66
7 46 66
54 59 66
0 57 66
11 37 66
4 64 66
6 56 66
23 54 66
8 46 66
42 58 66
14 28 66
1 33 66
1 47 66
11 53 66
7 23 66
49 50 66
12 17 66
32 64 66
2 18 66
26 38 66
39 57 66
15 50 66
22 65 66
9 48 66
12 31 66
0 15 66
7 18 66
15 39 66
11 12 66
11 14 66
54 55 66
0 31 66
13 54 66
12 51 66
2 22 66
34 61 66
1 24 66
35 52 66
33 39 66
15 62 66
5 46 66
6 6 66
41 61 66
18 41 66
9 19 66
41 57 66
30 55 66
29 42 66
33 43 66
43 58 66
46 59 66
49 62 66
6 34 66
35 51 66
14 15 66
15 62 66
8 59 66
55 65 66
56 57 66
50 58 66
49 51 66
3 18 66
26 65 66
19 41 66
45 51 66
0 20 66
5 51 66
54 61 67
15 55 67
7 59 67
58 60 67
5 44 67
23 39 67
3 40 67
44 57 67
7 49 67
41 63 67
29 49 67
7 30 67
38 52 67
54 57 67
13 27 67
55 67 67
15 39 67
13 37 67
54 60 67
51 63 67
43 50 67
51 63 67
3 39 67
26 63 67
5 17 67
44 56 67
5 58 67
57 63 67
25 39 67
52 58 67
57 61 67
65 67 67
11 23 67
24 30 67
17 43 67
46 62 67
21 50 67
20 30 67
28 52 67
27 39 67
17 47 67
18 21 67
40 60 67
34 64 67
38 41 67
11 50 67
28 63 67
5 53 67
48 66 67
28 54 67
16 18 67
21 31 67
18 49 67
2 20 67
24 36 67
9 14 67
25 35 67
5 57 67
11 59 67
15 50 67
44 48 67
12 25 67
4 17 67
56 59 67
32 61 67
23 37 67
23 31 67
57 62 67
4 17 67
22 35 67
46 55 67
34 35 67
13 26 67
23 26 67
19 43 67
0 17 67
47 63 67
60 62 67
3 30 67
25 55 67
17 67 67
52 55 67
24 44 67
48 54 67
30 35 67
0 0 67
20 43 67
50 65 67
12 52 67
10 41 67
41 51 67
11 41 67
7 9 67
8 24 67
15 40 67
44 61 67
11 55 67
32 66 67
45 60 67
1 24 67
28 52 67
22 54 67
31 48 67
17 19 67
15 55 67
29 49 67
21 62 67
38 39 67
7 62 67
5 17 67
10 14 67
49 51 67
17 61 67
5 56 67
48 62 67
14 30 67
50 64 67
7 61 67
30 42 67
23 38 67
37 52 67
16 25 67
5 16 67
38 54 67
49 61 67
49 57 67
57 57 67
9 62 67
5 62 67
11 26 67
0 1 67
16 26 67
5 13 67
7 22 67
0 32 67
12 57 67
17 18 67
29 64 67
28 53 67
19 45 67
20 32 67
24 31 67
59 65 67
5 9 67
39 45 67
0 28 67
31 49 67
24 29 67
15 45 67
32 50 67
44 56 67
15 24 67
19 33 67
26 51 67
8 56 67
28 54 67
12 29 67
6 12 67
49 51 67
40 48 68
19 63 68
1 31 68
24 49 68
14 64 68
34 38 68
4 54 68
2 58 68
27 62 68
12 34 68
8 14 68
24 26 68
39 58 68
9 41 68
2 40 68
18 56 68
22 31 68
8 9 68
25 63 68
49 61 68
34 35 68
2 4 68
37 54 68
3 11 68
4 42 68
29 62 68
22 46 68
28 34 68
5 36 68
10 31 68
18 45 68
13 59 68
25 54 68
54 66 68
0 42 68
25 28 68
39 46 68
17 54 68
9 55 68
22 65 68
2 17 68
59 66 68
22 26 68
11 21 68
0 49 68
54 56 68
6 33 68
9 11 68
31 49 68
47 60 68
32 40 68
44 55 68
4 11 68
12 29 68
9 53 68
6 60 68
19 51 68
6 60 68
0 26 68
15 39 68
53 57 68
33 55 68
27 42 68
7 17 68
4 5 68
11 64 68
0 3 68
55 59 68
21 34 68
2 46 68
1 52 68
9 34 68
45 56 68
15 18 68
20 34 68
55 63 68
27 44 68
49 66 68
29 48 68
35 41 68
7 38 68
10 11 68
2 10 68
22 39 68
1 4 68
2 67 68
29 48 68
1 54 68
58 61 68
51 65 68
7 9 68
21 32 68
3 54 68
4 9 68
24 58 68
16 21 68
28 38 68
13 25 68
19 24 68
4 17 68
4 50 68
19 65 68
21 63 68
24 42 68
16 25 68
13 67 68
27 59 68
10 24 68
1 26 68
5 48 68
5 37 68
1 53 68
28 37 68
28 54 68
28 62 69
11 24 69
10 60 69
2 27 69
21 62 69
48 49 69
14 51 69
38 39 69
49 66 69
44 61 69
59 67 69
30 60 69
3 35 69
1 17 69
27 56 69
1 29 69
19 65 69
1 69 69
26 46 69
13 66 69
18 55 69
66 66 69
15 33 69
33 38 69
0 10 69
11 21 69
0 46 69
14 60 69
37 69 69
10 33 69
32 35 69
20 35 69
13 33 69
15 68 69
15 51 69
6 18 69
3 13 69
3 57 69
28 59 69
17 64 69
7 41 69
32 42 69
44 46 69
10 16 69
31 45 69
27 37 69
16 31 69
26 30 69
13 57 69
13 43 69
17 46 69
7 40 69
4 28 69
15 28 69
18 43 69
12 57 69
46 52 69
8 56 69
9 23 69
28 39 69
29 30 69
9 62 69
13 21 69
12 40 69
25 26 69
13 16 69
52 67 69
24 29 69
28 49 69
6 68 69
38 39 69
22 26 69
4 26 69
60 63 69
35 38 69
60 61 69
40 53 69
9 65 69
31 42 69
53 58 69
14 69 69
22 50 69
3 35 69
33 49 69
16 47 69
15 20 69
3 34 69
4 59 69
14 32 69
2 16 69
11 59 69
46 66 69
1 63 69
33 60 69
4 21 69
14 22 69
0 14 69
1 33 69
50 61 69
62 63 69
1 39 69
29 50 69
42 66 69
26 43 69
17 20 69
32 69 69
11 56 69
24 31 69
31 66 69
1 3 69
8 33 69
5 58 69
17 60 69
13 32 69
4 66 69
17 46 69
11 67 69
31 67 69
43 56 69
1 21 69
9 21 69
1 17 69
49 64 69
37 57 69
44 67 69
21 40 69
8 50 69
15 40 69
3 5 69
4 32 69
20 64 69
3 32 69
7 54 69
9 13 69
22 23 69
47 60 69
42 63 69
18 35 69
4 33 69
22 57 69
21 63 69
24 49 69
18 64 69
62 67 69
16 24 69
5 41 69
31 41 69
16 49 69
5 34 69
48 57 69
8 50 69
18 54 69
18 66 69
14 36 69
13 65 69
15 38 69
11 23 69
22 54 69
27 58 69
21 36 69
40 56 69
9 51 69
9 22 69
2 5 70
3 57 70
44 45 70
19 53 70
10 51 70
5 33 70
16 39 70
3 51 70
20 46 70
41 45 70
48 60 70
30 70 70
24 60 70
3 55 70
0 58 70
30 56 70
15 64 70
32 32 70
52 62 70
1 40 70
13 52 70
42 55 70
16 43 70
14 21 70
4 56 70
47 58 70
26 57 70
6 47 70
29 39 70
28 34 70
8 21 70
57 67 70
15 61 70
24 66 70
36 67 70
44 53 70
48 59 70
34 67 70
37 56 70
24 56 70
24 47 70
18 38 70
2 24 70
24 51 70
47 54 70
18 63 70
34 57 70
29 43 70
39 49 70
47 61 70
8 56 70
30 45 70
4 40 70
5 5 70
21 45 70
51 56 70
10 47 70
5 26 70
47 64 70
26 58 70
4 10 70
59 68 70
10 69 70
1 23 70
4 31 70
50 64 70
23 39 70
43 44 70
20 60 70
16 65 70
7 65 70
39 48 70
8 63 70
14 50 70
9 66 70
42 56 70
56 64 70
19 67 70
21 58 70
20 32 70
4 65 70
23 24 70
64 65 70
28 59 70
15 50 70
5 34 70
42 46 70
0 46 70
40 65 70
0 17 70
5 19 70
8 12 70
8 62 70
45 61 70
22 50 70
5 9 70
7 30 70
23 45 70
10 38 70
16 22 70
32 50 70
16 61 70
31 62 70
52 56 70
0 43 70
26 51 70
17 32 70
37 53 70
9 29 70
14 70 70
27 31 70
3 58 70
12 55 70
62 69 70
11 41 70
55 59 70
14 45 70
50 51 70
11 32 70
35 37 70
32 58 70
9 10 70
0 45 70
5 55 70
18 37 70
15 66 70
16 62 70
48 51 70
15 25 70
0 31 70
0 3 70
15 49 70
22 29 70
12 16 70
5 12 70
4 30 70
5 12 70
1 53 70
9 66 70
3 37 70
20 31 70
10 48 70
54 65 70
9 55 70
8 60 70
12 46 70
31 68 70
32 38 70
16 53 70
29 40 70
1 14 70
19 46 70
28 52 70
37 53 70
6 53 70
2 5 70
33 49 70
1 21 70
65 69 70
40 68 70
12 45 70
42 68 70
23 53 70
20 62 70
4 14 70
33 34 71
24 69 71
8 14 71
2 19 71
61 65 71
3 49 71
30 39 71
37 42 71
36 55 71
23 31 71
40 43 71
3 59 71
17 71 71
7 68 71
27 60 71
33 52 71
10 52 71
41 58 71
5 64 71
16 39 71
60 67 71
28 39 71
11 34 71
44 60 71
4 46 71
1 19 71
41 69 71
50 63 71
37 51 71
28 59 71
4 21 71
5 39 71
11 56 71
5 61 71
62 64 71
37 38 71
4 31 71
25 41 71
43 51 71
5 56 71
32 58 71
42 47 71
26 66 71
17 18 71
33 46 71
13 57 71
0 70 71
38 45 71
6 39 71
9 22 71
13 38 71
28 34 71
28 67 71
18 61 71
63 65 71
39 48 71
4 17 71
17 70 71
40 49 71
28 57 71
11 46 71
29 30 71
13 54 71
4 24 71
54 60 71
3 32 71
12 28 71
23 34 71
36 55 71
14 31 71
3 41 71
33 51 71
26 66 71
7 70 71
53 55 71
0 17 71
30 54 71
18 29 71
36 70 71
3 18 71
51 65 71
33 40 71
23 47 71
37 49 71
38 59 71
5 46 71
46 53 71
26 27 71
32 42 71
63 67 71
48 56 71
48 51 71
56 71 71
31 43 71
21 31 71
14 64 71
2 20 71
61 62 71
46 64 71
17 42 71
34 47 71
42 65 71
22 32 71
58 67 71
52 65 71
21 41 71
2 31 71
25 59 71
40 54 71
34 46 71
23 70 71
17 39 71
45 51 71
5 39 71
32 67 71
9 54 71
11 36 71
54 54 71
18 66 71
27 27 71
16 53 71
43 47 71
48 69 71
9 40 71
15 44 71
17 34 71
4 20 71
3 41 71
34 37 71
21 37 71
17 25 71
15 20 71
42 46 71
6 13 71
35 59 71
17 54 71
26 66 71
46 47 71
23 45 71
23 72 72
43 63 72
4 28 72
32 41 72
4 44 72
33 43 72
2 67 72
10 57 72
58 71 72
48 71 72
23 58 72
25 46 72
17 19 72
10 58 72
24 50 72
27 69 72
65 72 72
45 60 72
2 40 72
43 58 72
16 25 72
20 65 72
60 71 72
57 60 72
23 61 72
41 67 72
40 43 72
26 63 72
27 39 72
59 70 72
45 46 72
15 57 72
9 31 72
26 35 72
0 0 72
19 55 72
29 34 72
26 33 72
37 42 72
18 45 72
15 55 72
19 71 72
36 56 72
19 20 72
23 46 72
27 41 72
5 34 72
19 61 72
15 39 72
9 55 72
28 59 72
10 25 72
32 64 72
21 25 72
8 11 72
25 50 72
9 13 72
33 55 72
47 49 72
28 53 72
40 70 72
16 55 72
26 45 72
19 63 72
31 32 72
1 9 72
1 20 72
65 70 72
3 56 72
53 68 72
34 64 72
4 53 72
44 57 72
45 68 72
15 46 72
1 61 72
3 43 72
48 70 72
1 62 72
52 54 72
61 65 72
17 53 72
16 20 72
10 61 72
14 23 72
10 34 72
5 28 72
44 47 72
3 30 72
59 70 72
0 12 72
48 54 72
44 56 72
41 48 72
10 52 72
18 42 72
14 24 72
21 37 72
8 38 72
41 62 72
15 56 72
4 66 72
20 48 72
31 59 72
16 16 72
12 27 72
23 56 72
0 26 72
29 32 72
39 60 72
46 71 72
51 54 72
20 24 72
18 20 72
25 32 72
3 30 72
1 18 72
41 44 72
14 57 72
1 57 72
14 28 72
38 40 72
7 26 72
17 46 72
24 31 72
0 32 72
1 45 72
49 62 72
41 62 72
49 64 72
25 59 72
18 61 72
34 55 72
7 37 72
60 70 72
21 41 72
2 14 72
23 69 72
7 27 72
1 37 72
8 51 72
7 27 72
4 15 72
12 22 72
17 22 72
12 14 72
6 38 72
8 62 72
4 31 72
33 53 72
45 53 72
34 57 72
26 54 72
7 63 72
19 42 72
5 15 72
13 20 72
40 46 72
0 58 72
26 69 72
61 62 72
27 33 73
40 53 73
10 37 73
47 70 73
29 57 73
2 3 73
28 41 73
34 71 73
36 69 73
22 29 73
8 60 73
22 68 73
33 50 73
39 70 73
1 51 73
44 61 73
36 43 73
34 43 73
31 71 73
38 66 73
30 69 73
29 49 73
17 47 73
4 43 73
52 55 73
11 36 73
39 52 73
37 41 73
33 53 73
0 70 73
39 43 73
42 46 73
23 24 73
13 28 73
46 64 73
41 63 73
15 56 73
56 66 73
47 70 73
46 72 73
1 59 73
4 32 73
20 51 73
8 51 73
26 62 73
21 32 73
30 71 73
45 48 73
13 57 73
2 18 73
3 58 73
24 55 73
40 69 73
26 37 73
2 24 73
5 14 73
37 38 73
14 61 73
9 42 73
46 56 73
27 54 73
53 65 73
3 7 73
44 71 73
9 10 73
1 18 73
27 67 73
23 40 73
34 62 73
44 45 73
17 47 73
7 50 73
14 52 73
26 70 73
2 26 73
27 48 73
6 35 73
50 67 73
10 49 73
16 34 73
47 63 73
25 49 73
19 32 73
49 69 73
23 60 73
0 20 73
34 55 73
7 13 73
71 71 73
31 49 73
25 54 73
12 21 73
35 63 73
2 38 73
41 62 73
20 42 73
29 55 73
4 10 73
25 65 73
3 52 73
17 42 73
13 51 73
23 32 73
5 15 73
0 4 73
13 28 73
49 58 73
59 71 73
11 19 73
5 57 73
40 53 73
0 50 73
19 55 73
16 61 73
32 51 73
9 17 73
5 71 73
35 51 73
29 30 73
20 56 73
13 28 73
2 47 73
58 64 73
19 64 73
1 35 73
7 17 73
5 67 73
58 63 73
13 39 73
15 72 73
18 23 73
4 35 73
48 70 73
58 65 73
17 48 73
44 60 73
62 63 73
35 53 73
44 61 73
9 45 73
18 34 73
15 62 73
23 34 73
5 49 73
36 55 73
1 67 73
30 44 73
24 28 73
42 50 73
13 41 73
3 16 73
41 50 73
1 3 73
12 45 73
8 62 73
34 53 73
41 55 73
22 32 73
9 54 73
39 57 73
13 48 73
17 71 73
49 70 73
71 73 73
5 59 73
27 57 73
58 70 73
9 54 73
0 64 73
3 25 73
7 68 73
38 63 74
13 52 74
56 70 74
4 38 74
14 71 74
18 49 74
15 42 74
63 67 74
28 52 74
0 25 74
34 68 74
64 72 74
45 67 74
56 67 74
44 73 74
12 44 74
42 54 74
9 23 74
15 55 74
1 4 74
16 61 74
29 34 74
17 21 74
0 35 74
32 44 74
39 40 74
41 60 74
10 13 74
11 69 74
23 62 74
10 44 74
6 59 74
7 25 74
7 31 74
2 5 74
25 56 74
16 55 74
6 61 74
46 54 74
16 26 74
22 35 74
24 48 74
46 71 74
19 39 74
3 68 74
68 73 74
10 30 74
2 59 74
34 70 74
25 44 74
29 31 74
23 71 74
41 56 74
20 69 74
43 55 74
6 56 74
25 72 74
34 70 74
5 68 74
13 23 74
20 43 74
14 26 74
38 71 74
5 67 74
50 70 74
49 55 74
22 31 74
48 59 74
48 56 74
1 38 74
17 30 74
11 39 74
27 45 74
21 28 74
41 58 74
22 65 74
3 6 74
56 72 74
9 40 74
29 67 74
18 59 74
27 31 74
16 45 74
27 50 74
21 34 74
4 58 74
31 50 74
33 60 74
35 37 74
57 69 74
1 70 74
11 73 74
1 16 74
29 57 74
5 17 74
11 16 74
12 72 74
19 32 74
5 22 74
4 64 74
0 34 74
25 54 74
36 57 74
7 49 74
59 70 74
2 3 74
12 66 74
7 69 74
39 72 74
24 63 74
37 51 74
37 58 74
2 69 74
27 27 74
15 21 74
33 58 74
42 59 74
24 26 74
29 51 74
4 47 74
15 32 74
6 58 74
4 14 74
3 5 74
0 34 74
38 64 74
8 30 74
3 14 74
4 55 74
16 20 74
51 74 74
18 70 74
4 48 74
51 65 74
53 60 74
5 34 74
41 43 74
8 20 74
1 55 74
58 58 74
23 64 74
37 46 74
4 6 74
14 21 74
11 37 74
50 64 74
7 73 74
18 60 74
24 40 74
4 41 74
35 43 74
21 66 74
36 54 74
20 48 74
8 42 74
7 69 74
3 24 74
8 57 74
8 45 74
26 67 74
3 7 74
2 65 74
46 64 74
33 37 74
12 67 74
27 70 74
51 59 74
6 31 74
31 32 74
50 51 74
32 73 74
42 52 74
26 56 74
53 67 74
26 30 74
14 67 74
10 36 74
2 47 74
25 50 74
56 72 74
29 57 74
61 69 75
25 34 75
3 43 75
6 74 75
0 61 75
32 60 75
15 51 75
40 47 75
11 44 75
11 48 75
39 47 75
46 67 75
64 70 75
14 26 75
40 58 75
35 40 75
26 54 75
20 34 75
27 33 75
19 49 75
22 72 75
19 24 75
31 71 75
27 53 75
37 39 75
2 3 75
4 50 75
10 64 75
30 70 75
26 26 75
9 62 75
10 56 75
22 60 75
63 68 75
0 24 75
29 33 75
61 73 75
34 42 75
6 66 75
13 57 75
0 59 75
46 48 75
5 31 75
38 53 75
51 53 75
9 69 75
20 21 75
47 61 75
14 38 75
8 69 75
31 72 75
20 30 75
66 75 75
5 17 75
58 74 75
14 16 75
10 16 75
6 63 75
11 33 75
0 27 75
6 10 75
25 69 75
2 41 75
51 65 75
31 54 75
14 68 75
45 58 75
15 62 75
12 50 75
6 73 75
43 47 75
27 73 75
34 59 75
55 62 75
15 42 75
16 71 75
35 69 75
63 67 75
21 30 75
35 57 75
10 74 75
29 74 75
33 50 75
0 60 75
10 53 75
51 69 75
2 32 75
0 61 75
19 51 75
33 51 75
25 38 75
18 32 75
33 37 75
6 31 75
0 4 75
4 67 75
19 49 75
28 63 75
44 67 75
9 57 75
26 34 75
5 56 75
6 45 75
59 74 75
1 21 75
17 49 75
68 74 75
54 57 75
20 72 75
31 71 75
18 60 75
35 67 75
32 43 75
30 39 75
1 67 75
22 73 75
55 71 75
34 47 75
6 57 75
13 32 75
16 73 75
18 36 75
63 75 75
49 65 75
50 69 75
30 62 75
18 26 75
35 56 75
34 42 75
9 65 75
36 59 75
18 65 75
36 48 75
1 10 75
51 71 75
66 70 75
35 65 75
1 31 75
45 57 75
5 48 75
18 59 75
13 55 75
0 39 75
4 40 75
1 10 75
27 67 75
21 68 75
2 42 75
61 68 75
30 44 75
43 47 75
43 73 75
45 50 75
59 64 75
28 34 75
4 28 75
3 40 75
31 41 75
28 49 75
20 53 75
4 75 75
9 51 75
27 41 75
17 26 75
15 31 75
44 72 75
29 46 75
4 65 75
16 56 75
41 55 75
47 55 75
10 65 75
25 69 75
9 31 75
44 71 75
7 38 75
32 41 75
53 73 75
17 47 75
11 24 75
17 71 75
19 30 75
44 54 75
7 31 75
5 70 75
34 46 76
2 65 76
12 36 76
7 15 76
49 50 76
48 51 76
0 1 76
37 46 76
8 67 76
54 69 76
7 69 76
64 71 76
5 12 76
1 43 76
24 27 76
8 54 76
42 67 76
10 17 76
53 64 76
28 29 76
38 65 76
37 48 76
4 61 76
28 68 76
20 28 76
35 45 76
60 68 76
12 20 76
28 69 76
46 48 76
29 55 76
31 38 76
38 73 76
1 26 76
7 32 76
33 63 76
28 60 76
0 13 76
52 64 76
9 58 76
26 40 76
1 12 76
45 73 76
3 19 76
51 62 76
35 62 76
31 36 76
62 62 76
43 62 76
62 71 76
4 45 76
30 37 76
42 42 76
48 63 76
4 21 76
1 54 76
36 54 76
5 21 76
37 57 76
46 72 76
28 39 76
4 32 76
5 55 76
52 67 76
54 57 76
64 71 76
17 44 76
29 44 76
6 34 76
34 61 76
18 29 76
33 73 76
30 61 76
55 74 76
5 32 76
35 58 76
11 38 76
5 43 76
29 75 76
34 41 76
49 59 76
14 71 76
37 73 76
60 69 76
34 39 76
49 59 76
17 17 76
21 36 76
71 73 76
11 31 76
23 65 76
46 67 76
38 68 76
36 38 76
33 39 76
21 65 76
16 62 76
8 50 76
20 65 76
3 62 76
11 29 76
19 70 76
17 56 76
21 35 76
45 47 76
11 51 76
21 34 76
29 60 76
7 25 76
24 66 76
19 42 76
48 75 76
9 21 76
6 74 76
44 70 76
10 14 76
38 50 76
7 50 76
15 19 76
71 76 76
15 57 76
49 64 76
17 50 76
15 28 76
14 29 76
41 47 76
2 53 76
3 14 76
18 66 76
54 72 76
3 60 76
65 75 76
49 59 76
44 75 76
12 53 76
4 71 76
10 23 76
62 73 76
1 45 76
25 75 76
22 25 76
49 61 76
13 59 76
28 58 76
44 74 76
68 73 76
17 47 76
8 14 76
19 31 76
20 64 76
35 59 76
19 69 76
6 64 76
2 39 76
25 29 76
31 53 76
4 51 76
7 15 76
46 67 76
42 58 76
1 30 76
17 48 76
18 35 76
24 36 76
8 21 76
37 48 76
34 51 76
2 9 76
59 65 76
53 57 76
24 59 76
24 29 76
15 65 77
2 72 77
27 49 77
31 48 77
20 54 77
11 67 77
14 43 77
26 43 77
64 75 77
67 67 77
49 55 77
16 55 77
0 70 77
42 73 77
67 69 77
36 71 77
52 73 77
1 50 77
62 68 77
31 31 77
17 70 77
51 54 77
31 54 77
23 74 77
48 71 77
53 66 77
26 45 77
43 57 77
16 66 77
1 6 77
21 60 77
0 36 77
11 16 77
0 60 77
21 66 77
22 42 77
21 69 77
0 17 77
23 56 77
10 39 77
29 39 77
51 54 77
22 69 77
21 47 77
26 68 77
39 61 77
28 63 77
28 72 77
38 44 77
12 31 77
21 58 77
6 51 77
18 44 77
5 13 77
12 45 77
33 33 77
50 62 77
6 9 77
31 73 77
10 64 77
10 39 77
45 66 77
46 63 77
18 58 77
25 50 77
39 42 77
51 73 77
1 74 77
7 53 77
19 51 77
24 43 77
26 34 77
45 58 77
1 32 77
32 51 77
26 74 77
57 74 77
0 28 77
9 51 77
38 69 77
22 76 77
60 75 77
21 74 77
60 77 77
49 55 77
32 55 77
35 54 77
1 60 77
19 75 77
9 12 77
32 62 77
12 70 77
29 50 77
14 52 77
43 59 77
37 60 77
59 77 77
37 50 77
70 73 77
15 59 77
10 22 77
6 67 77
9 19 77
55 64 77
30 61 77
2 48 77
9 67 77
16 21 77
1 16 77
6 25 77
5 66 77
21 55 77
9 62 77
24 36 77
2 35 77
3 27 77
6 25 77
14 31 77
17 39 77
9 26 77
53 63 77
3 65 77
10 28 77
3 36 77
15 70 77
35 43 77
24 56 77
45 51 77
6 7 77
19 20 77
38 73 77
9 62 77
3 18 77
6 20 77
29 57 77
21 53 77
17 77 77
54 76 77
21 59 77
54 56 77
12 21 77
31 34 77
19 54 77
12 77 77
9 69 77
5 49 77
63 64 77
23 65 77
11 55 77
46 64 77
2 49 77
17 49 77
1 51 77
45 59 77
53 68 77
1 52 77
0 52 77
50 61 77
45 74 77
58 62 77
19 38 77
63 69 77
39 52 77
29 41 77
28 28 77
38 41 77
3 41 77
43 48 77
22 32 77
4 10 77
22 46 77
6 74 77
55 72 77
22 32 77
68 69 77
9 60 77
14 29 77
42 59 77
7 14 77
55 65 77
61 67 77
26 69 78
69 78 78
18 62 78
44 51 78
10 71 78
16 40 78
9 32 78
37 40 78
52 75 78
35 71 78
60 65 78
2 71 78
3 57 78
38 73 78
19 61 78
0 62 78
34 54 78
28 53 78
14 70 78
54 60 78
32 73 78
4 12 78
9 67 78
75 77 78
62 75 78
41 46 78
14 23 78
17 53 78
34 72 78
10 13 78
52 78 78
42 52 78
6 15 78
46 55 78
2 13 78
1 55 78
2 43 78
6 46 78
67 76 78
17 75 78
35 49 78
43 62 78
22 51 78
21 61 78
1 63 78
16 35 78
20 45 78
18 55 78
37 38 78
37 47 78
15 16 78
35 74 78
16 20 78
27 69 78
29 57 78
39 64 78
64 78 78
24 60 78
28 32 78
18 77 78
9 63 78
28 70 78
3 24 78
36 40 78
29 76 78
20 34 78
41 68 78
52 53 78
8 63 78
16 57 78
6 48 78
7 61 78
11 24 78
0 65 78
20 26 78
55 78 78
9 26 78
15 30 78
2 73 78
25 38 78
20 48 78
25 61 78
57 76 78
6 62 78
28 39 78
50 55 78
59 64 78
46 49 78
7 69 78
31 31 78
12 17 78
6 71 78
1 43 78
18 69 78
40 72 78
24 33 78
11 43 78
49 59 78
23 27 78
9 47 78
0 76 78
46 57 78
19 46 78
62 72 78
6 61 78
1 66 78
20 44 78
5 77 78
17 69 78
1 18 78
15 47 78
36 56 78
6 21 78
14 39 78
18 37 78
72 77 78
26 45 78
25 26 78
14 42 78
11 44 78
54 60 78
23 66 78
7 24 78
14 31 78
60 75 78
47 50 78
23 38 78
68 72 78
7 63 78
44 57 78
52 59 78
9 18 78
67 78 78
23 63 78
30 51 78
48 60 78
9 29 78
40 77 78
19 68 78
45 48 78
51 58 78
37 74 78
35 66 78
34 60 78
8 67 78
20 50 78
41 61 78
49 64 78
6 33 78
45 58 78
10 18 78
20 77 78
37 73 78
13 39 78
16 18 78
5 32 78
18 64 78
64 75 78
16 58 78
23 76 78
59 59 78
6 60 78
28 75 78
6 27 78
56 65 78
18 43 78
14 56 78
40 40 78
40 77 78
13 67 78
43 48 78
63 70 78
52 75 78
34 73 78
31 52 78
43 49 78
23 39 78
31 35 78
11 48 78
28 39 78
4 24 78
32 44 78
16 29 78
40 50 78
16 72 78
56 67 78
41 55 78
7 39 78
0 76 78
2 9 78
14 38 78
36 43 78
14 28 78
11 33 79
0 7 79
53 72 79
58 69 79
4 62 79
21 61 79
33 56 79
46 76 79
25 49 79
1 4 79
40 44 79
22 41 79
4 57 79
21 77 79
27 51 79
9 49 79
8 17 79
6 15 79
10 17 79
26 43 79
27 68 79
64 71 79
20 52 79
25 65 79
22 37 79
37 59 79
14 64 79
47 71 79
16 66 79
8 72 79
15 72 79
15 47 79
24 51 79
53 79 79
21 73 79
12 73 79
48 55 79
33 47 79
52 69 79
18 77 79
7 47 79
7 45 79
12 30 79
25 64 79
29 54 79
2 39 79
6 41 79
31 58 79
35 78 79
56 66 79
8 15 79
8 53 79
24 53 79
47 52 79
16 37 79
22 68 79
55 76 79
51 79 79
7 18 79
29 64 79
52 53 79
36 59 79
55 58 79
46 61 79
3 29 79
36 62 79
72 77 79
36 52 79
35 42 79
31 68 79
20 72 79
50 65 79
7 67 79
23 52 79
12 25 79
33 41 79
15 43 79
39 51 79
35 65 79
17 38 79
3 78 79
9 27 79
18 66 79
19 55 79
43 64 79
48 56 79
27 60 79
12 55 79
31 61 79
4 44 79
6 54 79
18 64 79
6 22 79
11 53 79
4 55 79
29 64 79
25 66 79
38 66 79
45 73 79
62 74 79
11 73 79
6 62 79
25 52 79
22 76 79
61 77 79
48 64 79
35 65 79
22 52 79
63 79 79
39 76 79
10 73 79
2 46 79
4 37 79
20 40 79
41 75 79
18 60 79
2 13 79
8 71 79
30 62 79
14 23 79
5 29 79
62 78 79
5 57 79
18 79 79
11 59 79
14 70 79
0 33 79
8 79 79
1 1 79
47 72 79
35 74 79
27 53 79
55 76 79
20 58 79
10 20 79
27 35 79
27 49 79
22 60 79
68 74 79
20 27 79
13 57 79
52 58 79
10 16 79
8 19 79
48 64 79
15 49 79
4 77 79
17 57 79
33 64 79
47 57 79
27 55 79
47 75 79
37 63 79
0 33 79
3 21 79
62 63 79
35 76 79
0 6 79
9 38 79
3 15 79
19 40 79
42 78 79
14 21 79
26 44 79
32 58 79
23 45 79
2 5 79
16 62 79
16 19 79
4 77 79
67 77 79
10 71 80
0 78 80
10 70 80
35 65 80
49 58 80
16 29 80
20 49 80
28 53 80
20 26 80
2 21 80
71 74 80
9 26 80
6 70 80
66 72 80
43 48 80
0 50 80
7 57 80
10 42 80
3 50 80
38 50 80
2 48 80
24 27 80
49 75 80
22 57 80
13 36 80
31 72 80
50 50 80
14 50 80
23 36 80
39 73 80
37 56 80
33 77 80
36 70 80
56 72 80
5 59 80
38 64 80
21 59 80
41 53 80
49 78 80
17 50 80
6 50 80
7 68 80
16 46 80
10 78 80
30 45 80
29 74 80
46 78 80
16 47 80
70 71 80
40 72 80
62 78 80
7 23 80
24 25 80
14 32 80
10 53 80
0 42 80
10 78 80
19 47 80
41 62 80
10 27 80
27 40 80
52 58 80
45 47 80
20 61 80
7 8 80
12 32 80
10 22 80
8 22 80
29 70 80
25 45 80
56 76 80
22 55 80
16 55 80
6 44 80
58 58 80
7 79 80
14 78 80
29 57 80
58 65 80
11 38 80
61 75 80
62 62 80
33 53 80
48 57 80
8 50 80
15 37 80
40 67 80
16 71 80
15 22 80
4 69 80
32 45 80
57 61 80
15 42 80
61 67 80
14 51 80
38 76 80
58 75 80
33 44 80
3 13 80
23 63 80
52 69 80
58 77 80
20 24 80
53 56 80
2 59 80
0 73 80
21 49 80
5 38 80
17 74 80
14 25 80
38 51 80
26 34 80
50 66 80
8 67 80
7 38 80
51 70 80
31 34 80
37 56 80
19 64 80
4 37 80
42 73 80
32 73 80
8 8 80
40 78 80
23 31 80
16 73 80
11 21 80
22 74 80
39 60 80
51 80 80
2 24 80
18 59 80
13 39 80
17 22 80
33 67 80
18 80 80
3 49 80
42 43 80
13 63 80
52 74 80
16 39 80
3 10 80
60 66 80
38 50 80
26 45 80
27 61 80
26 77 80
7 74 80
8 10 80
0 2 80
27 55 80
29 68 80
0 34 80
37 50 80
10 27 80
19 21 80
15 52 80
33 75 80
51 71 80
2 68 80
39 51 80
37 38 80
55 68 80
5 32 80
72 78 80
43 46 80
38 69 80
31 53 80
19 55 80
3 74 80
36 44 80
39 70 80
21 53 80
12 49 80
42 80 80
76 77 80
8 34 80
19 30 80
63 73 80
50 79 80
5 42 80
75 77 80
38 46 80
37 47 80
50 78 80
57 62 80
35 38 80
8 70 80
46 77 80
9 26 80
0 51 81
24 79 81
14 62 81
1 20 81
13 30 81
19 65 81
10 32 81
38 40 81
57 81 81
14 16 81
25 52 81
9 78 81
32 52 81
33 80 81
49 58 81
21 44 81
37 39 81
8 20 81
70 74 81
54 76 81
29 68 81
5 31 81
11 23 81
12 66 81
75 77 81
24 56 81
56 81 81
12 42 81
44 63 81
34 35 81
38 64 81
68 74 81
0 5 81
58 66 81
51 73 81
2 61 81
80 80 81
53 55 81
63 74 81
52 56 81
38 55 81
39 40 81
23 60 81
7 78 81
8 26 81
36 41 81
45 76 81
3 53 81
26 46 81
23 64 81
34 72 81
6 9 81
6 45 81
2 38 81
41 77 81
28 29 81
16 30 81
10 19 81
60 65 81
29 72 81
10 64 81
23 58 81
74 77 81
25 27 81
25 30 81
65 67 81
54 76 81
52 76 81
37 41 81
54 69 81
43 62 81
7 27 81
52 68 81
47 74 81
13 31 81
9 17 81
39 52 81
33 78 81
29 73 81
17 71 81
41 46 81
13 14 81
36 52 81
36 69 81
25 54 81
60 74 81
29 73 81
0 45 81
12 42 81
47 65 81
26 63 81
4 67 81
47 79 81
59 66 81
25 29 81
36 80 81
6 32 81
15 33 81
7 76 81
39 58 81
14 78 81
28 68 81
20 57 81
10 19 81
24 63 81
49 58 81
27 79 81
16 23 81
53 71 81
32 37 81
12 74 81
10 23 81
19 68 81
41 74 81
16 16 81
42 80 81
40 73 81
3 80 81
17 65 81
11 37 81
58 73 81
31 67 81
72 78 81
24 56 81
43 78 81
42 45 81
53 55 81
7 68 81
59 61 81
11 75 81
28 62 81
39 79 81
1 65 81
19 48 81
26 45 81
3 10 81
30 71 81
62 76 81
16 50 81
23 53 81
16 35 81
42 59 81
41 60 81
26 74 81
47 55 81
16 51 81
32 67 81
40 45 81
48 72 81
18 78 81
63 74 81
36 39 81
59 69 81
3 23 81
14 69 81
37 51 81
27 77 81
42 73 81
12 67 81
52 78 81
0 51 81
18 26 81
26 27 81
3 46 81
7 73 81
24 70 81
24 67 81
7 77 81
60 78 81
18 37 81
50 58 81
22 60 81
43 71 81
5 61 81
69 71 81
6 12 81
6 71 81
1 65 81
34 35 81
38 64 81
3 55 81
23 58 81
34 64 81
23 52 81
39 42 81
60 66 81
10 30 81
23 43 81
32 81 81
17 22 81
15 66 81
12 79 81
28 60 81
19 63 81
63 77 81
17 63 81
65 77 81
26 32 81
10 70 81
59 67 81
26 58 81
15 50 81
53 79 81
47 48 82
12 35 82
22 42 82
52 59 82
7 16 82
53 66 82
24 50 82
12 30 82
14 74 82
9 54 82
12 30 82
5 40 82
3 47 82
44 64 82
20 80 82
18 62 82
5 78 82
7 49 82
33 77 82
17 40 82
35 66 82
20 33 82
30 64 82
23 25 82
0 24 82
23 23 82
16 53 82
41 79 82
6 61 82
59 79 82
8 32 82
17 75 82
10 58 82
20 50 82
14 55 82
61 82 82
52 76 82
27 71 82
21 65 82
5 40 82
14 47 82
29 61 82
31 49 82
4 69 82
33 50 82
4 16 82
1 16 82
4 55 82
46 76 82
49 67 82
28 82 82
7 30 82
0 42 82
21 52 82
38 76 82
1 51 82
7 21 82
49 63 82
23 27 82
10 50 82
22 59 82
18 53 82
1 54 82
65 77 82
0 51 82
3 70 82
17 81 82
33 37 82
0 74 82
46 50 82
73 76 82
36 45 82
49 75 82
4 75 82
16 38 82
12 26 82
17 81 82
4 37 82
22 76 82
3 26 82
24 78 82
22 55 82
28 77 82
13 37 82
59 70 82
15 33 82
6 66 82
33 35 82
42 62 82
6 76 82
31 41 82
6 35 82
24 30 82
11 74 82
59 66 82
16 41 82
60 72 82
16 77 82
9 60 82
10 50 82
39 73 82
28 56 82
14 33 82
3 13 82
50 70 82
35 66 82
18 25 82
7 10 82
49 62 82
55 78 82
31 43 82
26 47 82
32 45 82
38 50 82
19 23 82
53 72 82
31 63 82
31 82 82
20 36 82
19 58 82
36 49 82
1 8 82
72 76 82
5 28 82
50 78 82
47 75 82
73 75 82
1 14 82
48 80 82
49 58 82
11 45 82
38 67 82
25 62 82
13 35 82
41 61 82
9 45 82
50 67 82
6 11 82
31 36 82
25 26 82
17 54 82
48 58 82
30 57 82
31 81 82
12 35 82
2 28 82
8 28 82
72 74 82
32 66 82
25 57 82
23 37 82
20 35 82
1 70 82
37 52 82
48 56 82
41 64 82
5 60 82
5 45 82
52 70 82
23 55 82
5 48 82
32 34 82
16 29 82
29 51 82
36 51 82
67 71 82
27 72 82
4 80 82
0 37 82
15 68 82
14 75 82
25 71 82
12 76 82
21 41 82
19 24 82
6 63 82
59 68 82
29 52 82
25 68 82
23 28 82
17 18 82
35 75 82
5 71 82
60 71 82
11 20 82
66 70 82
26 44 82
8 67 82
50 68 82
34 71 82
4 43 82
12 17 82
22 48 82
67 75 82
3 70 82
2 35 82
25 35 82
25 52 82
10 78 82
72 77 82
38 43 82
0 41 82
4 6 82
7 26 82
6 56 82
55 61 83
24 52 83
4 44 83
0 25 83
15 54 83
23 29 83
15 83 83
35 49 83
7 20 83
27 44 83
9 51 83
34 56 83
18 21 83
16 55 83
21 49 83
12 18 83
10 63 83
19 19 83
19 61 83
27 48 83
8 82 83
29 52 83
25 73 83
16 41 83
5 35 83
1 71 83
66 75 83
2 71 83
6 14 83
10 40 83
30 34 83
26 45 83
9 29 83
44 71 83
0 80 83
11 62 83
77 77 83
34 41 83
17 48 83
25 31 83
36 48 83
0 55 83
8 76 83
0 48 83
47 64 83
42 68 83
24 42 83
28 67 83
2 67 83
23 26 83
41 81 83
9 59 83
24 58 83
52 75 83
61 62 83
3 4 83
41 78 83
64 67 83
8 58 83
5 37 83
3 13 83
71 79 83
48 67 83
0 29 83
0 51 83
11 15 83
14 44 83
27 39 83
13 69 83
15 49 83
32 43 83
34 67 83
10 81 83
31 63 83
34 40 83
61 82 83
0 69 83
3 44 83
41 55 83
70 73 83
55 81 83
4 51 83
75 81 83
45 75 83
72 78 83
26 56 83
30 50 83
27 78 83
5 26 83
22 41 83
7 53 83
63 82 83
68 68 83
5 8 83
9 26 83
24 40 83
48 54 83
6 45 83
4 56 83
5 29 83
75 81 83
27 79 83
37 55 83
16 67 83
31 39 83
25 78 83
3 51 83
12 40 83
24 28 83
6 21 83
66 77 83
38 70 83
0 9 83
15 81 83
48 65 83
49 62 83
40 43 83
19 80 83
20 23 83
46 74 83
5 31 83
20 38 83
34 58 83
21 41 83
45 54 83
17 79 83
14 67 83
4 28 83
16 33 83
1 29 83
25 28 83
46 71 83
45 76 83
30 81 83
55 71 83
6 26 83
12 12 83
31 58 83
9 62 83
7 21 83
1 68 83
38 73 83
8 73 83
50 63 83
69 75 83
57 61 83
19 67 83
19 76 83
20 67 83
20 79 83
58 79 83
40 61 83
33 53 83
27 51 83
17 70 83
9 51 83
11 76 83
38 68 83
16 67 83
14 70 83
51 66 83
20 73 83
10 59 83
1 36 83
63 80 83
67 67 83
58 62 83
54 68 83
51 65 83
52 54 83
2 13 83
20 59 83
65 77 83
15 78 83
20 81 83
6 47 83
17 39 83
26 72 83
32 52 83
5 27 83
25 53 83
0 31 83
12 34 83
35 69 83
46 48 83
48 75 84
3 11 84
59 60 84
52 52 84
8 62 84
43 55 84
21 40 84
40 77 84
24 41 84
37 53 84
1 29 84
5 65 84
66 80 84
18 21 84
10 12 84
47 78 84
23 50 84
21 40 84
49 64 84
3 49 84
25 77 84
23 25 84
8 57 84
8 55 84
59 65 84
42 62 84
58 77 84
31 76 84
49 54 84
56 71 84
73 81 84
70 84 84
16 43 84
28 59 84
7 30 84
8 81 84
17 21 84
38 79 84
14 26 84
41 84 84
0 84 84
39 47 84
8 50 84
23 78 84
8 67 84
14 47 84
20 21 84
11 51 84
29 74 84
49 66 84
1 45 84
30 65 84
6 55 84
40 75 84
42 49 84
53 79 84
80 82 84
6 61 84
1 3 84
0 16 84
9 35 84
61 84 84
65 74 84
17 75 84
17 19 84
9 69 84
66 79 84
36 82 84
16 47 84
13 69 84
7 29 84
33 81 84
28 38 84
68 76 84
33 40 84
20 65 84
36 75 84
4 13 84
1 63 84
3 48 84
20 60 84
78 82 84
55 72 84
10 39 84
17 60 84
60 67 84
55 77 84
39 60 84
18 54 84
53 78 84
33 43 84
67 70 84
0 22 84
32 33 84
4 51 84
11 32 84
18 74 84
25 82 84
21 76 84
8 69 84
27 71 84
48 71 84
29 30 84
23 81 84
46 56 84
48 56 84
30 43 84
19 52 84
23 77 84
23 48 84
62 64 84
8 63 84
4 72 84
48 78 84
35 56 84
40 67 84
58 76 84
31 74 84
42 81 84
40 82 84
29 37 84
26 51 84
3 7 84
43 65 84
42 60 84
35 77 84
21 74 84
27 46 84
38 50 84
33 74 84
12 59 84
29 50 84
4 26 84
12 69 84
48 81 84
5 32 84
21 76 84
10 58 84
15 22 84
3 43 84
19 42 84
52 79 84
19 42 84
11 45 84
41 56 84
35 40 84
38 63 84
14 61 84
45 67 84
32 58 84
23 66 84
6 59 84
16 47 84
53 55 84
72 81 84
31 50 84
66 78 84
6 40 84
50 53 84
10 75 84
54 61 84
38 78 84
3 78 84
20 44 84
43 43 84
63 77 84
6 68 84
67 79 84
34 65 84
23 61 84
38 63 84
17 72 84
33 49 84
25 57 84
24 33 84
19 65 84
71 73 84
48 50 84
22 69 84
23 30 84
31 48 84
66 73 84
11 17 84
55 65 84
43 81 84
28 47 84
15 79 84
60 67 84
21 33 84
29 84 84
57 60 84
52 53 84
27 58 84
3 84 84
15 69 84
16 31 84
4 10 84
32 35 84
2 81 84
51 79 84
9 41 84
28 45 84
6 43 84
8 52 84
73 73 84
4 70 84
21 79 84
35 53 84
10 56 84
63 84 84
55 72 84
9 53 84
18 26 84
5 41 84
7 23 84
8 51 84
0 4 84
32 57 84
11 11 84
15 73 84
13 34 84
8 74 84
58 77 84
31 63 85
6 41 85
20 26 85
27 35 85
4 74 85
24 43 85
30 36 85
25 83 85
16 35 85
66 75 85
27 63 85
54 74 85
21 52 85
67 84 85
41 73 85
21 34 85
26 72 85
42 53 85
52 59 85
18 43 85
36 76 85
13 63 85
13 34 85
15 23 85
7 72 85
6 77 85
75 78 85
17 84 85
0 36 85
27 80 85
38 42 85
7 33 85
8 29 85
55 66 85
46 62 85
13 80 85
23 46 85
2 19 85
43 58 85
31 71 85
19 49 85
26 38 85
36 76 85
3 66 85
50 73 85
40 62 85
44 72 85
6 62 85
15 65 85
56 77 85
45 51 85
33 35 85
69 74 85
10 62 85
17 84 85
48 74 85
40 71 85
27 46 85
14 72 85
36 82 85
27 53 85
19 41 85
31 81 85
51 84 85
15 35 85
1 25 85
18 63 85
23 57 85
11 56 85
59 62 85
53 67 85
29 46 85
23 53 85
58 74 85
41 53 85
8 35 85
2 85 85
71 77 85
6 67 85
50 53 85
8 73 85
52 53 85
9 19 85
53 71 85
21 62 85
51 59 85
42 59 85
17 75 85
54 84 85
63 65 85
22 29 85
49 67 85
43 51 85
32 56 85
49 57 85
49 60 85
49 80 85
18 35 85
9 63 85
49 53 85
41 53 85
5 52 85
50 79 85
10 38 85
14 33 85
8 84 85
16 25 85
7 18 85
84 85 85
4 31 85
8 63 85
3 60 85
47 77 85
52 57 85
12 31 85
49 80 85
46 61 85
12 63 85
0 58 85
1 10 85
18 85 85
38 81 85
26 78 85
17 44 85
1 53 85
15 83 85
1 49 85
77 84 85
38 63 85
0 59 85
5 62 85
25 47 85
23 83 85
9 31 85
20 73 85
19 55 85
40 80 85
23 52 85
12 24 85
5 81 85
29 54 85
1 60 85
10 12 85
17 45 85
3 72 85
28 41 85
25 59 85
7 59 85
51 76 85
9 13 85
11 41 85
34 49 85
12 39 85
1 21 85
0 6 85
2 33 85
11 80 85
40 45 85
30 40 85
10 52 85
2 8 85
20 46 85
45 50 85
34 75 85
23 55 85
3 24 85
22 75 85
12 61 85
5 49 85
41 58 85
39 76 85
16 73 85
23 47 85
41 46 85
29 69 85
48 71 85
5 36 85
35 75 85
8 43 85
6 47 85
30 74 85
34 75 85
5 20 85
16 39 85
59 83 85
16 20 85
40 75 85
39 44 85
8 25 85
42 60 85
5 47 85
70 78 85
17 74 85
71 79 85
27 51 85
40 56 85
8 68 85
17 79 85
37 43 85
76 79 85
44 50 85
68 73 85
7 16 85
5 80 85
37 50 85
32 48 85
10 74 85
48 55 85
24 50 85
49 65 85
65 77 85
30 40 85
38 66 85
37 44 85
40 58 85
72 79 85
39 78 85
2 61 85
35 76 85
27 53 85
61 82 85
41 61 85
6 77 85
10 79 85
2 66 85
16 20 86
27 57 86
36 39 86
17 22 86
54 55 86
42 59 86
31 54 86
26 30 86
50 65 86
30 38 86
8 11 86
6 49 86
27 63 86
35 76 86
27 85 86
5 73 86
11 73 86
3 18 86
56 57 86
46 56 86
4 76 86
79 84 86
7 66 86
5 60 86
44 58 86
1 64 86
81 84 86
70 80 86
34 38 86
47 48 86
29 66 86
25 78 86
1 28 86
9 32 86
30 83 86
28 81 86
23 71 86
64 75 86
6 8 86
58 58 86
56 57 86
28 86 86
70 79 86
39 77 86
46 60 86
52 85 86
34 71 86
62 65 86
24 70 86
25 66 86
23 50 86
43 50 86
22 75 86
25 64 86
14 41 86
42 78 86
8 23 86
33 84 86
31 70 86
19 40 86
60 67 86
27 39 86
48 69 86
12 61 86
37 78 86
35 85 86
36 82 86
40 85 86
21 72 86
14 61 86
8 66 86
30 78 86
59 79 86
66 73 86
55 71 86
28 78 86
6 82 86
32 39 86
35 36 86
38 67 86
45 52 86
24 71 86
10 27 86
20 47 86
31 83 86
11 12 86
43 78 86
40 71 86
40 66 86
44 52 86
4 34 86
32 57 86
37 58 86
14 27 86
12 71 86
0 82 86
6 33 86
21 74 86
29 33 86
19 38 86
39 65 86
2 74 86
23 25 86
16 62 86
54 66 86
16 49 86
29 54 86
45 75 86
0 4 86
28 39 86
13 66 86
53 65 86
17 38 86
4 49 86
26 45 86
9 61 86
32 83 86
10 51 86
20 80 86
24 31 86
34 67 86
6 76 86
62 65 86
14 27 86
13 63 86
18 34 86
55 85 86
69 86 86
41 53 86
35 53 86
33 67 86
49 60 86
57 70 86
24 31 86
25 60 86
37 68 86
21 81 86
28 63 86
12 46 86
73 78 86
53 76 86
6 81 86
46 81 86
29 67 86
37 80 86
52 67 86
54 62 86
7 18 86
22 63 86
38 49 86
20 72 86
2 40 86
57 67 86
68 70 86
28 53 86
71 80 86
7 57 86
44 63 86
6 19 86
29 43 86
20 59 86
9 33 86
42 69 86
14 21 86
54 55 86
29 69 86
59 80 86
36 52 86
7 27 86
68 76 86
9 38 86
23 76 86
36 61 86
52 84 86
37 48 86
1 7 86
3 46 86
11 70 86
0 83 86
11 66 86
10 32 86
25 81 86
50 78 86
1 68 86
52 81 86
57 70 86
5 57 86
17 56 86
49 73 86
30 67 86
44 53 86
1 29 86
16 67 86
26 86 86
17 27 86
29 60 86
51 71 86
9 57 86
40 53 86
49 55 86
2 24 86
45 57 86
39 48 86
18 64 86
43 69 86
56 66 86
13 37 86
6 32 86
6 44 86
4 39 86
20 39 86
66 82 86
21 25 86
10 10 86
16 21 86
49 71 86
0 68 86
11 79 86
23 67 86
5 84 86
12 40 86
15 38 86
44 72 86
26 50 86
2 39 86
1 64 86
1 46 86
25 40 87
32 42 87
27 60 87
68 73 87
6 63 87
21 50 87
37 87 87
3 46 87
39 76 87
81 84 87
5 9 87
12 55 87
31 68 87
21 57 87
21 64 87
21 35 87
31 51 87
16 19 87
24 61 87
56 78 87
29 32 87
15 29 87
15 70 87
50 76 87
25 70 87
5 54 87
1 71 87
57 65 87
31 48 87
65 85 87
58 79 87
29 56 87
32 49 87
44 63 87
27 67 87
28 53 87
13 50 87
25 45 87
63 72 87
14 75 87
36 62 87
13 50 87
28 59 87
10 80 87
74 79 87
22 61 87
54 85 87
59 80 87
22 39 87
10 28 87
0 9 87
27 73 87
4 47 87
0 50 87
52 83 87
52 82 87
41 63 87
26 86 87
71 76 87
49 50 87
47 49 87
41 85 87
6 67 87
70 77 87
24 29 87
14 37 87
25 27 87
34 56 87
60 80 87
8 21 87
15 86 87
20 68 87
24 64 87
63 77 87
39 76 87
83 85 87
28 35 87
4 4 87
10 21 87
21 65 87
1 76 87
20 57 87
23 72 87
58 82 87
15 70 87
16 77 87
7 18 87
64 81 87
1 43 87
57 65 87
65 86 87
41 67 87
44 65 87
71 84 87
26 40 87
70 83 87
46 47 87
77 79 87
20 24 87
10 82 87
43 64 87
19 49 87
9 71 87
5 36 87
12 23 87
40 73 87
51 78 87
18 26 87
63 68 87
8 75 87
10 44 87
43 50 87
70 79 87
41 56 87
18 38 87
17 64 87
19 54 87
6 82 87
21 66 87
80 86 87
7 73 87
42 76 87
52 77 87
13 24 87
38 76 87
42 72 87
16 72 87
61 72 87
11 32 87
30 31 87
22 40 87
7 75 87
10 57 87
9 35 87
14 74 87
4 4 87
23 27 87
30 74 87
58 59 87
16 61 87
14 82 87
3 66 87
57 72 87
55 69 87
39 86 87
61 63 87
10 17 87
2 54 87
27 31 87
49 77 87
32 63 87
16 67 87
22 57 87
20 40 87
23 39 87
2 17 87
54 76 87
11 27 87
25 71 87
33 49 87
33 79 87
65 72 87
8 61 87
45 58 87
52 52 87
52 65 87
11 78 87
82 86 87
29 72 87
40 73 87
26 49 87
33 54 87
73 77 87
5 29 87
18 60 87
3 58 87
17 61 87
25 40 87
80 84 87
55 67 87
54 71 87
4 32 87
40 61 87
5 9 87
22 64 87
13 51 87
5 21 87
7 52 87
66 76 87
2 45 87
7 34 87
5 33 87
11 15 87
50 57 87
5 79 87
32 84 87
60 76 87
31 86 87
65 69 87
16 36 87
2 86 87
51 66 87
8 61 87
67 73 87
65 78 87
22 34 87
39 84 87
21 66 87
22 27 87
16 82 87
47 71 87
26 63 87
50 51 87
0 16 87
26 30 87
12 39 87
23 86 87
65 68 87
63 66 87
56 86 87
7 76 87
20 47 87
66 74 87
5 8 88
84 85 88
4 53 88
52 82 88
34 52 88
52 73 88
59 61 88
10 33 88
11 30 88
55 63 88
11 32 88
24 33 88
52 81 88
23 62 88
3 35 88
49 77 88
14 33 88
2 14 88
13 35 88
82 83 88
22 74 88
51 69 88
30 35 88
0 83 88
42 74 88
43 46 88
70 79 88
22 50 88
28 35 88
25 81 88
16 45 88
24 31 88
47 69 88
41 58 88
11 38 88
6 87 88
25 62 88
38 55 88
51 56 88
48 64 88
3 61 88
1 56 88
18 58 88
45 73 88
10 21 88
26 87 88
2 72 88
32 57 88
31 48 88
10 39 88
73 84 88
61 63 88
8 71 88
3 58 88
70 84 88
54 78 88
13 68 88
38 85 88
39 88 88
1 50 88
33 66 88
72 84 88
41 49 88
2 47 88
11 16 88
39 49 88
14 30 88
22 67 88
19 33 88
48 78 88
40 76 88
4 73 88
71 75 88
36 86 88
9 45 88
29 88 88
77 88 88
38 61 88
10 16 88
32 48 88
19 48 88
45 51 88
13 86 88
36 45 88
28 54 88
50 53 88
8 17 88
63 73 88
55 67 88
37 55 88
38 51 88
6 12 88
3 24 88
58 79 88
25 35 88
18 53 88
65 68 88
36 66 88
70 87 88
15 47 88
7 56 88
36 42 88
50 60 88
12 19 88
10 18 88
20 87 88
72 76 88
39 73 88
10 66 88
14 82 88
62 79 88
9 39 88
43 87 88
27 75 88
36 76 88
0 7 88
46 51 88
23 82 88
6 55 88
13 46 88
44 49 88
4 48 88
38 72 88
18 57 88
40 65 88
19 72 88
47 76 88
12 22 88
22 54 88
13 84 88
59 87 88
25 55 88
9 15 88
18 83 88
43 45 88
72 82 88
8 38 88
30 35 88
35 56 88
47 71 88
43 74 88
25 38 88
15 71 88
31 59 88
11 32 88
71 77 88
8 77 88
1 61 88
7 53 88
52 52 88
10 87 88
0 76 88
58 62 88
9 30 88
49 81 88
16 55 88
52 84 88
33 53 88
25 70 88
35 72 88
18 71 88
42 51 88
23 38 88
56 83 88
1 88 88
52 68 88
6 59 88
16 86 88
27 75 88
4 5 88
8 20 88
11 83 88
48 85 88
22 36 88
28 62 88
33 33 88
37 51 88
1 74 88
34 71 88
49 76 88
43 69 88
61 62 88
68 77 88
42 51 88
32 58 88
5 43 88
10 33 88
7 10 88
1 4 88
4 39 88
27 28 88
70 82 88
56 60 88
20 24 88
10 43 89
54 68 89
0 76 89
16 69 89
25 69 89
51 84 89
58 63 89
47 89 89
40 80 89
10 63 89
13 47 89
60 89 89
30 82 89
69 86 89
22 33 89
39 71 89
9 9 89
75 88 89
0 88 89
45 68 89
47 87 89
1 3 89
81 85 89
4 20 89
24 39 89
15 51 89
8 45 89
52 72 89
12 82 89
13 60 89
14 15 89
71 76 89
50 53 89
42 43 89
0 34 89
0 88 89
13 28 89
15 49 89
23 47 89
63 67 89
16 26 89
3 48 89
7 84 89
44 64 89
30 78 89
10 57 89
9 85 89
57 72 89
3 33 89
35 50 89
7 76 89
52 59 89
21 44 89
8 75 89
21 79 89
9 63 89
30 49 89
11 79 89
5 56 89
44 87 89
64 67 89
33 83 89
15 62 89
4 57 89
58 69 89
28 35 89
7 86 89
24 83 89
11 40 89
31 68 89
53 61 89
14 36 89
19 28 89
58 82 89
12 44 89
29 74 89
47 61 89
60 69 89
38 62 89
3 17 89
50 88 89
17 37 89
8 33 89
13 42 89
5 76 89
48 86 89
1 74 89
33 69 89
5 88 89
40 51 89
19 41 89
10 46 89
64 73 89
60 81 89
18 81 89
42 67 89
54 88 89
15 19 89
60 60 89
20 55 89
5 70 89
59 61 89
3 23 89
2 28 89
12 12 89
8 38 89
37 72 89
0 82 89
1 11 89
15 71 89
41 70 89
33 48 89
26 46 89
16 18 89
19 19 89
46 55 89
17 87 89
12 51 89
10 67 89
40 60 89
59 65 89
4 53 89
40 77 89
5 62 89
86 87 89
32 52 89
16 44 89
10 35 89
24 53 89
44 86 89
8 59 89
3 49 89
77 82 89
8 69 89
0 52 89
48 75 89
56 60 89
13 26 89
3 69 89
0 65 89
37 71 89
27 72 89
31 83 89
43 68 89
27 85 89
69 70 89
43 79 89
1 79 89
11 87 89
37 48 89
31 80 89
71 81 89
24 49 89
78 78 89
24 81 89
28 36 89
17 39 89
59 85 89
68 87 89
50 82 89
26 39 89
21 42 89
28 89 89
5 29 89
5 34 89
1 6 89
36 68 89
8 78 89
9 11 89
45 47 89
72 86 89
3 20 89
18 43 89
11 68 89
48 56 89
75 86 89
0 81 89
32 68 89
4 54 89
0 59 89
4 30 89
24 25 89
1 17 89
63 66 89
17 77 89
42 88 89
77 81 89
40 67 89
13 48 89
10 27 89
9 22 89
17 80 89
20 41 89
22 43 89
6 38 89
1 12 89
35 52 89
27 48 89
17 57 89
5 53 89
37 56 89
54 77 89
18 46 89
14 77 89
59 60 89
41 84 89
61 68 89
4 71 89
29 61 89
3 24 89
38 87 89
22 30 89
12 30 89
42 47 89
52 60 89
7 22 89
8 13 89
40 60 89
0 1 89
9 62 89
0 25 89
18 35 89
1 59 89
2 38 89
49 83 89
57 66 89
20 43 89
3 80 89
58 68 89
63 71 89
49 63 89
51 87 89
59 75 89
41 48 89
5 31 89
19 43 89
45 78 89
51 88 89
15 25 89
42 70 89
34 88 89
42 76 89
49 51 89
41 66 89
16 58 89
69 84 89
64 87 89
24 35 90
22 55 90
18 28 90
26 52 90
35 35 90
9 44 90
5 35 90
2 43 90
41 53 90
5 69 90
15 58 90
7 32 90
39 50 90
20 30 90
51 55 90
17 78 90
3 44 90
52 85 90
13 86 90
31 86 90
10 83 90
42 80 90
34 69 90
13 56 90
5 56 90
34 64 90
28 38 90
26 60 90
52 75 90
52 66 90
66 85 90
1 43 90
33 70 90
63 71 90
33 43 90
65 85 90
47 56 90
76 84 90
19 62 90
58 87 90
4 30 90
70 86 90
66 81 90
33 37 90
10 32 90
17 60 90
51 81 90
62 81 90
18 85 90
12 14 90
11 78 90
4 43 90
42 45 90
63 90 90
12 65 90
69 88 90
13 74 90
36 84 90
12 43 90
35 64 90
8 76 90
68 84 90
29 43 90
51 70 90
76 77 90
1 33 90
29 62 90
25 76 90
67 77 90
23 59 90
10 62 90
60 88 90
15 83 90
17 80 90
3 15 90
8 83 90
14 58 90
35 50 90
24 67 90
26 27 90
63 85 90
50 73 90
61 65 90
53 58 90
13 30 90
35 55 90
6 77 90
76 85 90
43 62 90
0 19 90
22 68 90
1 18 90
70 70 90
33 79 90
55 77 90
25 52 90
22 70 90
33 53 90
52 53 90
23 49 90
20 58 90
43 47 90
6 9 90
62 71 90
71 78 90
37 56 90
1 31 90
19 37 90
37 61 90
5 37 90
34 76 90
1 89 90
23 50 90
53 60 90
60 77 90
51 84 90
7 13 90
50 86 90
34 60 90
34 77 90
17 49 90
5 6 90
46 87 90
0 36 90
30 49 90
49 71 90
39 85 90
17 21 90
21 70 90
12 77 90
6 53 90
47 72 90
32 37 90
18 35 90
55 75 90
4 71 90
45 70 90
42 55 90
1 39 90
53 84 90
10 17 90
17 64 90
6 73 90
25 45 90
56 85 90
14 89 90
64 68 90
37 84 90
5 65 90
7 49 90
11 59 90
56 76 90
47 81 90
25 79 90
8 49 90
46 88 90
32 59 90
21 58 90
34 77 90
66 77 90
18 54 90
12 24 90
38 79 90
15 87 90
20 65 90
7 53 90
16 73 90
50 89 90
10 45 90
73 84 90
1 10 90
16 86 90
22 28 90
8 41 90
17 87 90
31 82 90
9 35 90
24 82 90
33 51 90
11 34 90
33 58 90
49 51 90
23 39 90
0 33 90
45 79 90
30 70 90
28 69 90
49 57 90
45 84 90
43 58 90
27 44 90
25 56 90
55 69 90
38 61 90
7 51 90
7 47 90
0 1 90
50 51 90
64 80 90
74 87 90
12 57 90
42 77 90
43 75 90
23 87 90
61 71 90
16 35 90
19 57 90
51 75 90
10 25 90
27 78 90
63 70 90
12 12 90
38 41 90
13 29 90
52 56 90
3 26 90
61 77 90
81 85 90
34 35 90
8 78 90
35 57 90
17 18 90
45 74 90
35 77 90
19 28 90
20 50 90
42 59 90
37 82 90
38 53 90
55 66 90
52 68 90
2 2 90
30 81 90
26 58 90
22 43 90
4 79 90
11 49 90
16 42 90
8 56 90
1 14 90
1 86 90
30 65 90
49 67 91
19 30 91
20 81 91
70 85 91
45 60 91
10 80 91
48 82 91
50 54 91
12 30 91
10 58 91
26 26 91
20 85 91
71 74 91
5 41 91
2 75 91
43 84 91
57 81 91
65 79 91
76 83 91
45 73 91
40 90 91
9 39 91
38 79 91
28 91 91
54 77 91
11 62 91
13 15 91
12 76 91
40 42 91
2 35 91
53 76 91
44 53 91
31 33 91
21 64 91
49 81 91
22 84 91
59 69 91
4 26 91
22 35 91
43 67 91
35 81 91
2 35 91
15 60 91
0 18 91
47 69 91
39 44 91
11 12 91
13 74 91
32 47 91
19 25 91
50 54 91
3 45 91
36 75 91
43 90 91
32 68 91
11 20 91
47 64 91
29 76 91
20 27 91
62 70 91
44 64 91
77 88 91
42 45 91
28 61 91
28 71 91
23 35 91
9 75 91
51 58 91
30 89 91
7 88 91
7 66 91
4 29 91
34 57 91
22 51 91
14 54 91
57 71 91
19 88 91
7 76 91
0 73 91
38 69 91
25 39 91
22 46 91
10 78 91
36 76 91
44 73 91
31 84 91
67 88 91
65 72 91
9 26 91
57 63 91
62 68 91
51 67 91
6 65 91
36 56 91
14 83 91
56 82 91
28 80 91
37 38 91
28 91 91
35 76 91
15 90 91
2 29 91
29 59 91
56 79 91
62 88 91
26 37 91
0 54 91
5 79 91
29 73 91
52 83 91
46 86 91
81 88 91
9 56 91
20 54 91
27 56 91
36 71 91
23 36 91
52 64 91
55 65 91
41 56 91
57 68 91
27 56 91
12 41 91
37 75 91
0 50 91
20 30 91
3 26 91
17 67 91
45 59 91
36 68 91
9 85 91
35 35 91
58 65 91
36 41 91
8 23 91
47 59 91
1 37 91
34 39 91
4 81 91
1 54 91
14 73 91
54 65 91
45 52 91
68 84 91
51 65 91
7 39 91
18 34 91
16 37 91
6 15 91
55 84 91
3 4 91
21 72 91
45 71 91
15 50 91
3 19 91
8 61 91
85 87 91
75 81 91
18 26 91
47 60 91
8 50 91
64 78 91
30 41 91
11 79 91
10 11 91
18 53 91
46 77 91
1 88 91
8 77 91
20 66 91
18 84 91
51 62 91
51 70 91
2 44 91
41 64 91
8 30 91
15 47 91
73 75 91
5 62 91
16 33 91
34 88 91
75 79 91
69 69 91
38 50 91
9 82 91
2 57 91
31 70 91
27 75 91
37 90 91
12 37 91
23 68 91
10 61 91
22 80 91
8 37 91
24 41 91
23 65 91
9 81 91
81 85 91
5 56 91
34 77 91
5 76 91
24 88 91
11 53 91
15 59 91
70 86 91
1 48 91
36 39 91
4 38 91
62 72 91
17 82 91
8 45 91
56 82 91
72 89 91
46 63 91
27 37 91
76 85 91
69 90 91
17 47 91
5 77 91
12 68 91
6 61 91
14 18 91
48 52 91
20 64 91
11 38 91
28 79 91
7 20 91
57 72 91
10 38 91
7 39 91
1 6 91
32 56 91
25 80 91
0 86 91
32 42 91
9 23 91
56 90 91
27 56 92
29 44 92
25 28 92
35 62 92
76 88 92
43 78 92
17 84 92
14 87 92
44 66 92
59 73 92
28 65 92
48 56 92
24 61 92
38 73 92
30 62 92
38 72 92
36 68 92
13 49 92
4 64 92
49 58 92
27 62 92
56 89 92
7 33 92
1 69 92
11 49 92
5 15 92
12 86 92
28 58 92
0 87 92
51 65 92
10 70 92
19 33 92
35 49 92
10 89 92
24 28 92
45 77 92
26 76 92
24 38 92
40 57 92
12 29 92
35 84 92
9 34 92
30 68 92
40 57 92
88 90 92
21 22 92
52 54 92
28 58 92
3 45 92
18 34 92
37 65 92
58 89 92
24 63 92
4 60 92
57 73 92
34 70 92
17 89 92
55 89 92
0 66 92
5 17 92
4 54 92
48 81 92
11 44 92
2 67 92
39 72 92
26 85 92
14 31 92
82 90 92
1 51 92
6 23 92
15 89 92
7 24 92
12 78 92
54 55 92
15 40 92
14 61 92
50 66 92
17 22 92
82 87 92
34 66 92
34 48 92
18 30 92
19 92 92
13 92 92
56 86 92
19 53 92
0 27 92
3 66 92
2 90 92
1 30 92
56 78 92
7 36 92
0 48 92
56 73 92
82 90 92
60 83 92
12 91 92
66 80 92
52 81 92
19 52 92
29 63 92
75 90 92
59 84 92
51 57 92
21 82 92
1 27 92
22 77 92
19 68 92
9 77 92
27 64 92
53 70 92
2 6 92
2 87 92
20 20 92
29 66 92
66 86 92
0 85 92
26 37 92
42 61 92
32 83 92
58 66 92
12 16 92
32 76 92
52 69 92
18 78 92
47 81 92
81 88 92
79 83 92
17 52 92
26 43 92
0 17 92
14 29 92
28 61 92
5 65 92
2 21 92
61 75 92
34 54 92
35 86 92
6 45 92
21 85 92
43 76 92
17 20 92
23 87 92
8 34 92
0 23 92
24 41 92
25 86 92
31 60 92
40 85 92
50 75 92
90 91 92
18 72 92
15 47 92
45 64 92
53 58 92
40 64 92
12 76 92
26 63 92
12 17 92
27 85 92
53 70 92
56 59 92
42 44 92
13 90 92
3 66 92
47 68 92
56 68 92
26 82 92
63 75 92
11 91 92
14 78 92
32 42 92
23 61 92
3 57 92
43 61 92
0 27 92
39 40 92
40 60 92
48 69 92
41 50 92
12 38 92
48 73 92
1 32 92
32 86 92
56 67 92
61 71 92
9 47 92
5 62 92
9 66 92
30 45 92
59 77 92
25 48 92
37 81 92
38 81 92
61 72 92
27 45 92
13 38 92
82 90 92
23 78 92
23 64 92
14 20 92
43 76 92
14 45 92
23 71 92
5 44 92
0 54 92
53 74 92
61 61 92
54 79 92
13 58 92
4 80 92
5 84 92
22 70 92
31 92 92
72 82 92
52 72 92
1 80 92
60 81 92
59 75 92
45 58 92
61 87 92
44 77 92
11 56 92
2 9 92
14 78 92
27 63 92
15 46 92
9 63 92
3 8 92
27 49 92
12 33 92
0 62 92
19 59 92
23 35 92
34 66 92
59 60 92
20 43 92
45 88 92
42 49 92
24 54 92
6 45 92
62 90 92
7 37 92
16 88 93
78 91 93
18 46 93
17 26 93
51 59 93
74 79 93
51 84 93
15 28 93
17 67 93
41 79 93
4 84 93
12 28 93
40 60 93
39 67 93
35 75 93
77 80 93
19 88 93
70 90 93
53 72 93
38 49 93
0 50 93
53 72 93
26 53 93
9 34 93
57 80 93
39 57 93
16 31 93
59 75 93
16 24 93
10 87 93
14 85 93
15 38 93
14 93 93
50 75 93
56 74 93
6 62 93
23 92 93
13 18 93
49 75 93
11 47 93
45 74 93
5 74 93
16 53 93
5 68 93
3 75 93
1 13 93
13 22 93
14 23 93
50 67 93
39 69 93
45 70 93
48 72 93
10 52 93
70 76 93
5 89 93
42 70 93
2 18 93
76 84 93
24 83 93
27 82 93
24 54 93
29 41 93
22 53 93
17 50 93
7 51 93
15 82 93
57 75 93
31 90 93
51 58 93
25 71 93
22 48 93
38 68 93
5 37 93
15 49 93
12 20 93
19 58 93
62 68 93
27 74 93
35 81 93
14 39 93
10 53 93
0 34 93
12 50 93
7 72 93
33 73 93
26 30 93
30 33 93
32 69 93
49 91 93
47 72 93
77 84 93
38 56 93
2 60 93
16 54 93
16 18 93
36 92 93
23 54 93
24 87 93
66 82 93
18 86 93
82 85 93
52 86 93
78 85 93
22 52 93
12 53 93
32 88 93
9 54 93
68 74 93
34 64 93
7 68 93
13 26 93
35 88 93
30 58 93
31 89 93
59 80 93
33 87 93
19 50 93
64 73 93
22 22 93
25 81 93
35 92 93
72 89 93
43 84 93
17 93 93
10 72 93
68 71 93
42 42 93
79 81 93
24 74 93
70 71 93
74 90 93
30 67 93
0 84 93
85 87 93
2 75 93
4 47 93
7 66 93
45 66 93
59 69 93
46 62 93
75 92 93
33 51 93
68 79 93
62 86 93
36 68 93
12 91 93
45 49 93
3 6 93
7 47 93
54 68 93
5 6 93
45 75 93
14 85 93
58 93 93
0 62 93
44 85 93
10 57 93
51 52 93
13 22 93
16 26 93
12 48 93
19 46 93
22 26 93
20 55 93
50 70 93
49 67 93
29 60 93
48 65 93
6 25 93
32 75 93
24 24 93
89 90 93
56 58 93
7 8 93
3 42 93
9 46 93
30 48 93
68 75 93
43 80 93
25 79 93
39 40 93
12 56 93
20 27 93
11 84 93
82 86 93
18 66 93
50 85 93
27 33 93
15 42 93
27 54 93
32 62 93
22 31 93
7 41 93
0 76 93
22 90 93
37 73 93
7 89 93
5 70 93
25 88 93
7 35 93
44 83 93
51 59 93
2 70 93
1 19 93
30 72 93
8 74 93
66 90 93
14 18 93
38 55 93
15 61 93
77 89 93
30 36 93
33 89 93
13 64 93
12 20 93
64 80 93
33 63 93
41 73 93
52 75 93
34 36 93
45 52 93
3 13 93
40 83 93
39 72 93
38 67 93
54 64 93
60 66 93
19 31 93
77 93 93
20 61 93
51 75 93
5 7 93
37 87 93
3 27 93
11 58 93
64 79 93
35 89 93
61 74 93
22 23 93
31 93 93
9 27 93
0 81 93
28 40 93
40 89 93
30 60 93
57 70 93
72 89 93
74 78 93
38 47 93
15 49 93
33 58 93
6 6 93
35 60 93
10 83 93
29 63 93
61 76 93
15 23 94
43 81 94
45 89 94
28 73 94
27 59 94
14 77 94
32 48 94
45 73 94
31 67 94
42 69 94
66 83 94
24 46 94
91 93 94
15 66 94
62 75 94
35 89 94
64 91 94
15 74 94
3 7 94
3 24 94
4 41 94
47 83 94
42 90 94
50 64 94
71 77 94
35 75 94
38 61 94
12 49 94
33 69 94
45 47 94
51 67 94
14 42 94
29 76 94
14 66 94
56 63 94
14 59 94
5 58 94
10 26 94
21 48 94
79 80 94
72 91 94
62 63 94
41 63 94
28 78 94
34 40 94
53 58 94
12 85 94
23 64 94
43 92 94
4 86 94
26 32 94
67 73 94
10 39 94
7 93 94
77 84 94
12 15 94
50 75 94
8 66 94
1 79 94
20 91 94
19 72 94
43 57 94
5 92 94
12 59 94
31 69 94
27 47 94
3 5 94
0 23 94
7 65 94
14 89 94
27 37 94
25 73 94
6 81 94
43 67 94
4 64 94
10 39 94
53 78 94
26 58 94
30 50 94
15 79 94
47 55 94
39 56 94
25 39 94
6 21 94
75 78 94
56 60 94
9 69 94
57 75 94
81 89 94
73 89 94
22 86 94
15 56 94
46 71 94
4 44 94
17 56 94
12 86 94
55 83 94
20 34 94
51 77 94
68 82 94
11 61 94
27 30 94
5 92 94
44 85 94
20 92 94
4 5 94
64 68 94
77 82 94
18 53 94
35 67 94
31 54 94
12 15 94
9 56 94
24 34 94
30 76 94
57 71 94
6 87 94
12 54 94
49 58 94
43 47 94
12 74 94
1 82 94
31 50 94
31 63 94
0 22 94
49 50 94
38 64 94
40 73 94
13 14 94
7 11 94
1 30 94
70 79 94
7 8 94
28 41 94
45 92 94
20 45 94
28 83 94
2 86 94
48 70 94
0 48 94
19 23 94
9 69 94
1 92 94
13 42 94
34 85 94
4 64 94
67 82 94
29 44 94
1 8 94
54 63 94
37 78 94
42 45 94
2 12 94
63 66 94
19 46 94
12 35 94
57 86 94
36 37 94
27 65 94
37 57 94
33 56 94
39 86 94
6 80 94
28 65 94
66 88 94
69 71 94
71 88 94
4 84 94
74 91 94
30 59 94
6 54 94
11 86 94
13 66 94
4 17 94
14 50 94
9 63 94
86 89 94
27 46 94
25 84 94
49 74 94
1 20 94
5 60 94
32 85 94
53 67 94
59 91 94
43 50 94
6 51 94
50 63 94
19 30 94
21 76 94
51 92 94
40 57 94
56 79 94
19 67 94
36 75 94
9 18 94
61 70 94
17 27 94
4 84 94
12 13 94
22 38 94
5 61 94
27 92 94
0 48 94
24 80 94
39 55 94
37 67 94
28 52 94
47 73 94
1 89 94
29 36 94
27 87 94
39 84 94
66 79 94
27 91 94
43 71 94
20 87 94
25 40 94
22 34 94
27 77 94
12 82 94
41 75 94
4 84 94
26 84 94
13 67 94
11 58 94
30 59 94
15 81 94
0 77 94
26 58 94
46 73 94
7 81 94
34 76 94
14 42 94
35 56 94
53 86 94
39 71 94
6 60 94
52 92 94
27 40 94
62 92 94
47 88 94
40 86 94
1 90 94
16 55 94
52 81 94
63 83 94
37 90 94
3 14 94
27 56 94
13 85 94
70 81 94
30 44 94
20 85 94
45 84 94
68 69 94
31 89 94
32 49 94
59 94 94
21 56 94
22 24 94
58 86 94
4 60 94
0 78 94
4 59 94
17 68 94
2 54 94
22 70 94
10 64 95
28 82 95
13 58 95
12 14 95
3 57 95
10 41 95
3 57 95
5 86 95
78 87 95
12 41 95
17 49 95
13 41 95
9 94 95
64 92 95
80 86 95
20 90 95
39 39 95
15 23 95
6 53 95
21 22 95
5 60 95
47 66 95
82 88 95
40 70 95
53 79 95
45 55 95
26 54 95
11 47 95
2 29 95
19 44 95
0 84 95
25 31 95
11 26 95
19 52 95
75 76 95
76 88 95
68 78 95
3 34 95
16 22 95
19 47 95
38 83 95
36 47 95
22 36 95
74 77 95
7 83 95
20 27 95
73 89 95
38 39 95
20 23 95
1 45 95
70 75 95
11 84 95
38 75 95
57 81 95
21 64 95
4 56 95
10 64 95
2 13 95
22 93 95
2 85 95
92 93 95
39 63 95
65 78 95
9 75 95
5 47 95
45 70 95
7 77 95
39 55 95
45 67 95
4 46 95
15 55 95
6 26 95
56 57 95
22 82 95
1 13 95
26 63 95
13 53 95
34 89 95
5 54 95
8 71 95
32 38 95
21 52 95
58 60 95
0 23 95
20 50 95
45 46 95
43 74 95
0 94 95
18 48 95
42 84 95
6 41 95
43 79 95
25 32 95
15 65 95
57 76 95
14 59 95
15 86 95
2 43 95
9 45 95
32 91 95
61 84 95
13 83 95
70 77 95
42 79 95
57 65 95
13 65 95
8 90 95
47 90 95
9 50 95
59 62 95
5 59 95
47 55 95
45 73 95
11 33 95
66 73 95
59 80 95
12 88 95
32 79 95
4 15 95
52 57 95
25 36 95
42 82 95
21 24 95
32 72 95
5 57 95
20 88 95
10 79 95
81 93 95
9 38 95
2 20 95
30 69 95
34 64 95
5 71 95
14 81 95
8 87 95
62 93 95
54 72 95
35 65 95
47 61 95
15 28 95
23 48 95
8 23 95
1 44 95
25 57 95
15 93 95
0 73 95
4 35 95
23 93 95
2 44 95
3 95 95
78 82 95
28 70 95
40 81 95
69 77 95
8 86 95
12 83 95
10 73 95
25 78 95
57 64 95
66 82 95
55 79 95
27 53 95
34 48 95
72 88 95
0 52 95
4 43 95
47 58 95
8 68 95
63 69 95
4 61 95
8 95 95
13 36 95
2 40 95
65 66 95
14 61 95
15 33 95
5 36 95
25 70 95
10 52 95
53 92 95
68 92 95
50 72 95
15 29 95
12 73 95
49 83 95
54 80 95
31 77 95
40 84 95
76 87 95
30 36 95
61 86 95
15 70 95
6 74 95
16 55 95
23 64 95
54 77 95
67 80 95
6 22 95
36 89 95
55 64 95
46 47 95
5 66 95
16 25 95
23 71 95
9 22 95
2 30 95
0 51 95
34 49 95
64 78 95
31 93 95
2 55 95
24 46 95
21 72 95
43 89 95
7 12 95
2 84 95
28 53 95
40 55 95
75 86 95
37 76 95
24 28 95
16 26 95
69 72 95
17 69 95
78 85 95
6 44 95
7 51 95
16 48 95
39 47 95
33 83 95
12 17 95
52 70 95
30 66 95
25 42 95
53 68 95
4 10 95
7 43 95
15 76 95
49 78 95
59 76 95
78 89 95
27 55 95
12 70 95
34 57 95
11 53 95
19 60 95
49 89 95
33 73 95
48 49 95
34 80 95
46 80 95
91 93 95
17 33 95
1 76 95
54 62 95
24 68 95
27 82 95
19 51 95
77 79 95
12 36 95
25 92 95
9 31 95
81 94 95
13 86 95
13 82 95
57 81 95
6 76 95
15 41 95
30 87 95
51 61 95
32 59 95
37 52 95
44 51 95
79 87 95
23 84 95
27 88 95
42 79 95
20 31 95
1 67 95
47 92 95
22 81 95
1 71 95
80 82 95
5 90 96
66 67 96
25 95 96
7 48 96
30 76 96
15 28 96
39 47 96
30 40 96
23 55 96
25 91 96
20 54 96
72 84 96
7 26 96
39 50 96
17 35 96
3 51 96
60 69 96
17 36 96
16 23 96
1 82 96
28 62 96
29 65 96
73 93 96
13 77 96
22 52 96
4 46 96
42 87 96
16 71 96
7 70 96
20 67 96
2 75 96
86 87 96
4 76 96
12 51 96
39 62 96
34 38 96
54 63 96
53 89 96
34 70 96
25 78 96
5 82 96
18 20 96
52 65 96
32 33 96
53 81 96
15 17 96
28 68 96
30 31 96
12 80 96
9 52 96
60 83 96
3 10 96
37 96 96
54 94 96
13 63 96
11 38 96
38 66 96
55 75 96
2 52 96
10 90 96
51 92 96
60 72 96
9 81 96
27 94 96
9 50 96
1 13 96
15 30 96
49 62 96
31 45 96
67 80 96
61 82 96
42 63 96
2 58 96
6 64 96
25 45 96
12 46 96
34 57 96
29 90 96
27 53 96
24 54 96
0 73 96
3 12 96
3 86 96
3 73 96
1 40 96
27 58 96
72 93 96
19 60 96
56 87 96
1 66 96
12 47 96
17 89 96
15 88 96
29 33 96
30 50 96
67 90 96
0 40 96
80 94 96
52 62 96
15 68 96
31 51 96
44 82 96
62 79 96
6 22 96
16 86 96
77 80 96
4 35 96
9 89 96
2 64 96
31 60 96
23 28 96
19 37 96
4 42 96
38 61 96
22 24 96
14 54 96
13 80 96
1 43 96
74 91 96
49 95 96
59 60 96
33 45 96
50 92 96
37 72 96
47 64 96
28 72 96
69 92 96
25 53 96
18 75 96
9 66 96
33 51 96
77 82 96
2 91 96
77 94 96
83 94 96
73 74 96
7 67 96
37 40 96
0 36 96
59 73 96
29 30 96
1 70 96
4 79 96
45 67 96
16 65 96
5 7 96
27 47 96
36 41 96
46 70 96
57 63 96
39 43 96
6 45 96
35 50 96
55 70 96
74 76 96
5 87 96
75 76 96
17 69 96
34 85 96
71 75 96
19 57 96
6 33 96
11 76 96
56 68 96
29 95 96
47 81 96
9 88 96
22 43 96
6 12 96
42 52 96
19 77 96
80 88 96
46 52 96
44 67 96
56 76 96
21 68 96
20 82 96
7 81 96
31 78 96
27 49 96
51 61 96
35 88 96
15 26 96
20 80 96
36 57 96
23 60 96
29 82 96
71 86 96
15 17 96
65 88 96
41 62 96
49 93 96
7 67 96
20 70 96
1 44 96
32 54 96
72 76 96
42 94 96
42 56 96
57 63 96
52 78 96
8 22 96
52 70 96
22 80 96
14 37 96
50 89 96
20 24 96
46 81 96
11 65 96
14 46 96
14 45 96
63 92 96
37 79 96
42 46 96
59 94 96
19 39 96
21 53 96
26 35 96
37 94 96
2 61 96
21 64 96
23 94 96
17 35 96
11 14 96
13 21 96
16 93 96
3 31 96
71 78 96
24 53 96
33 67 96
62 86 96
39 56 96
45 91 96
45 45 96
83 85 96
45 73 96
45 77 96
79 96 96
44 91 96
9 83 96
5 56 96
17 40 96
16 44 96
52 92 96
11 12 96
68 93 96
20 37 96
60 83 96
18 37 96
33 57 96
59 90 96
9 38 96
2 25 96
11 83 96
3 74 96
2 4 96
17 25 96
51 64 96
18 63 96
21 41 96
2 80 96
39 55 96
72 96 96
33 48 96
81 88 96
3 94 96
77 88 96
53 90 96
72 76 97
23 47 97
14 31 97
27 61 97
51 58 97
73 74 97
39 53 97
56 96 97
62 89 97
4 7 97
2 10 97
77 81 97
82 97 97
80 89 97
26 94 97
37 58 97
53 62 97
40 52 97
7 37 97
20 38 97
14 41 97
44 92 97
63 70 97
33 50 97
20 55 97
27 42 97
34 68 97
24 61 97
2 12 97
4 22 97
1 15 97
18 43 97
12 51 97
3 3 97
34 88 97
8 13 97
3 70 97
43 87 97
18 54 97
44 46 97
78 82 97
3 6 97
20 31 97
11 76 97
15 27 97
34 55 97
6 20 97
26 30 97
2 55 97
29 49 97
36 96 97
87 89 97
46 78 97
66 75 97
33 67 97
18 74 97
86 90 97
47 89 97
30 76 97
7 92 97
56 75 97
35 76 97
16 47 97
54 74 97
18 70 97
61 80 97
74 86 97
59 87 97
34 80 97
19 89 97
29 83 97
62 92 97
38 81 97
72 95 97
18 25 97
11 14 97
80 87 97
11 25 97
9 76 97
50 75 97
13 62 97
11 95 97
52 88 97
11 58 97
4 89 97
47 78 97
2 79 97
5 38 97
0 64 97
34 55 97
10 89 97
3 4 97
23 41 97
43 85 97
22 46 97
22 87 97
17 51 97
3 55 97
13 80 97
26 60 97
52 70 97
24 25 97
15 89 97
20 88 97
2 28 97
42 97 97
41 52 97
40 51 97
0 58 97
25 68 97
22 26 97
25 53 97
3 52 97
45 62 97
9 65 97
12 96 97
80 88 97
36 40 97
32 42 97
12 68 97
31 85 97
61 92 97
3 74 97
22 30 97
47 52 97
40 48 97
61 78 97
11 25 97
1 8 97
17 80 97
22 44 97
34 65 97
78 95 97
9 13 97
8 29 97
3 14 97
13 51 97
89 96 97
5 44 97
51 81 97
63 65 97
5 89 97
57 64 97
7 47 97
24 52 97
52 77 97
1 24 97
11 29 97
14 95 97
52 79 97
33 62 97
3 74 97
27 40 97
67 87 97
5 17 97
35 39 97
1 58 97
32 89 97
51 80 97
39 82 97
13 42 97
8 73 97
37 81 97
13 52 97
4 61 97
77 87 97
11 16 97
52 73 97
80 81 97
23 54 97
0 41 97
25 30 97
65 80 97
0 45 97
0 19 97
73 94 97
28 34 97
7 37 97
22 75 97
30 63 97
29 81 97
39 92 97
19 45 97
20 28 97
60 75 97
50 62 97
37 62 97
27 42 97
22 58 97
42 85 97
63 95 97
53 85 97
16 45 97
62 84 97
2 70 97
83 96 97
34 65 97
12 72 97
17 77 97
45 75 97
0 11 97
5 83 97
33 72 97
32 74 97
19 71 97
52 65 97
7 12 97
66 72 97
67 92 97
46 73 97
21 46 97
20 74 97
40 91 97
27 49 97
44 74 97
65 75 97
47 56 97
74 75 97
36 78 97
15 18 97
10 63 97
56 93 97
20 47 97
24 61 97
17 29 97
37 55 97
49 55 97
79 79 97
51 91 97
9 77 97
31 56 97
57 63 97
31 83 97
40 97 97
70 89 97
45 46 97
57 84 97
6 50 97
29 50 97
88 89 97
2 51 97
49 82 97
81 93 97
62 84 97
89 91 97
14 75 97
41 85 97
15 32 97
20 27 97
48 87 97
3 86 97
60 67 97
49 58 97
36 96 97
81 87 97
32 68 97
79 87 97
45 89 97
19 65 97
23 70 97
46 49 97
9 54 97
48 52 97
2 11 97
74 86 97
5 71 97
20 90 98
37 46 98
14 74 98
39 54 98
24 40 98
18 36 98
32 54 98
16 88 98
74 86 98
16 73 98
6 89 98
25 58 98
76 79 98
1 25 98
1 13 98
13 37 98
72 72 98
46 81 98
28 76 98
40 70 98
43 48 98
67 82 98
60 98 98
59 75 98
11 59 98
7 54 98
16 61 98
39 67 98
15 76 98
20 46 98
45 87 98
8 14 98
13 82 98
28 80 98
11 32 98
20 83 98
37 82 98
42 74 98
77 94 98
73 91 98
31 63 98
48 53 98
14 38 98
24 35 98
73 86 98
50 50 98
53 61 98
95 97 98
49 90 98
1 71 98
14 69 98
21 48 98
8 56 98
59 77 98
15 63 98
18 91 98
17 28 98
64 76 98
16 81 98
52 66 98
85 88 98
8 72 98
37 96 98
18 85 98
50 72 98
16 27 98
4 9 98
40 51 98
14 50 98
27 38 98
62 63 98
80 96 98
11 23 98
74 92 98
66 69 98
2 80 98
7 79 98
6 59 98
9 25 98
0 9 98
6 63 98
31 91 98
26 48 98
46 50 98
5 26 98
0 97 98
14 25 98
20 87 98
53 74 98
34 50 98
58 97 98
25 80 98
6 90 98
5 22 98
49 51 98
10 56 98
12 80 98
15 49 98
93 98 98
42 81 98
12 37 98
6 47 98
26 48 98
22 42 98
32 92 98
8 57 98
36 84 98
19 29 98
39 89 98
11 41 98
2 39 98
86 87 98
6 93 98
42 95 98
63 84 98
10 60 98
10 44 98
52 52 98
73 96 98
47 83 98
30 40 98
30 78 98
51 72 98
66 68 98
4 83 98
6 11 98
4 78 98
52 63 98
10 71 98
0 88 98
35 77 98
78 94 98
11 92 98
15 62 98
4 36 98
39 73 98
21 81 98
28 66 98
16 67 98
11 12 98
40 48 98
50 65 98
5 78 98
13 76 98
48 63 98
55 70 98
41 58 98
20 64 98
9 59 98
32 38 98
24 70 98
34 79 98
57 67 98
13 89 98
7 59 98
34 47 98
37 73 98
68 73 98
15 86 98
11 79 98
9 47 98
36 89 98
21 94 98
82 88 98
37 57 98
46 88 98
22 46 98
24 45 98
10 56 98
33 36 98
45 81 98
16 57 98
47 80 98
49 64 98
14 77 98
19 65 98
16 34 98
19 64 98
1 32 98
7 21 98
13 30 98
41 86 98
30 52 98
14 36 98
1 78 98
1 82 98
15 63 98
10 25 98
10 72 98
46 50 98
66 84 98
62 77 98
3 20 98
21 73 98
38 66 98
30 92 98
30 47 98
76 88 98
3 6 98
14 35 98
48 56 98
41 89 98
20 98 98
26 63 98
19 41 98
7 65 98
4 85 98
76 89 98
53 89 98
75 90 98
67 78 98
46 81 98
35 84 98
20 62 98
52 84 98
80 87 98
9 42 98
62 65 98
26 68 98
13 76 98
23 88 98
1 38 98
48 70 98
37 97 98
48 67 98
3 3 98
33 42 98
67 86 98
31 94 98
21 85 98
9 82 98
10 51 98
10 91 98
35 57 98
31 52 98
59 62 98
61 79 98
31 91 98
1 29 98
26 66 98
62 97 98
56 80 98
60 96 98
22 79 98
58 96 98
10 10 98
47 68 98
37 60 98
53 71 98
0 94 98
53 77 98
46 80 98
59 71 98
28 98 98
24 42 98
48 66 98
79 88 98
63 83 98
6 66 98
2 12 98
34 85 98
21 48 98
44 72 98
11 84 98
55 58 98
7 27 98
51 90 98
16 36 98
36 63 98
8 46 98
6 93 98
56 62 98
18 71 98
57 90 98
0 35 98
6 20 98
25 51 98
66 81 98
14 69 98
39 54 98
5 87 98
34 61 98
50 76 98
1 66 98
4 94 98
23 34 98
33 77 98
16 87 98
0 33 98
36 87 98
72 89 98
20 59 98
36 43 98
30 34 98
71 89 98
7 57 98
1 45 99
72 81 99
4 60 99
78 78 99
49 99 99
4 33 99
33 36 99
30 54 99
38 92 99
0 1 99
27 70 99
48 50 99
68 76 99
88 93 99
14 85 99
81 97 99
24 71 99
6 84 99
13 38 99
51 70 99
39 66 99
2 55 99
22 77 99
62 95 99
47 77 99
23 97 99
48 66 99
13 24 99
60 88 99
14 47 99
34 68 99
0 73 99
41 55 99
23 90 99
10 48 99
47 94 99
13 43 99
4 19 99
62 66 99
25 79 99
17 37 99
48 72 99
72 82 99
6 42 99
3 97 99
34 47 99
60 83 99
13 17 99
43 96 99
74 94 99
7 11 99
54 98 99
41 87 99
19 44 99
50 63 99
22 27 99
19 96 99
16 19 99
35 62 99
50 79 99
0 52 99
47 81 99
6 54 99
29 32 99
32 67 99
3 65 99
20 99 99
56 98 99
14 26 99
43 50 99
2 73 99
5 36 99
6 83 99
7 73 99
23 46 99
12 61 99
58 66 99
19 93 99
14 16 99
55 55 99
0 95 99
55 77 99
8 33 99
13 42 99
15 60 99
46 94 99
15 62 99
61 82 99
63 89 99
3 34 99
2 90 99
21 87 99
16 33 99
4 98 99
42 60 99
15 27 99
30 62 99
55 70 99
0 90 99
55 97 99
41 72 99
26 40 99
39 92 99
68 93 99
45 47 99
30 32 99
54 55 99
21 44 99
67 92 99
35 90 99
65 91 99
57 88 99
36 79 99
1 21 99
13 41 99
2 89 99
5 78 99
14 80 99
10 79 99
15 55 99
47 85 99
18 96 99
7 37 99
49 85 99
62 68 99
8 31 99
87 97 99
33 50 99
24 45 99
10 21 99
36 65 99
30 71 99
6 9 99
78 96 99
18 45 99
39 96 99
6 62 99
7 90 99
81 84 99
72 96 99
1 42 99
16 69 99
64 85 99
93 96 99
41 45 99
14 93 99
61 93 99
24 35 99
51 55 99
88 91 99
77 95 99
14 62 99
45 49 99
29 36 99
22 63 99
20 63 99
2 47 99
1 26 99
27 71 99
29 35 99
24 84 99
8 58 99
12 38 99
22 98 99
48 67 99
25 70 99
23 30 99
42 51 99
8 59 99
35 86 99
39 58 99
26 46 99
59 78 99
25 41 99
41 93 99
77 95 99
21 68 99
20 23 99
23 62 99
20 76 99
33 52 99
24 33 99
10 33 99
33 86 99
23 83 99
90 97 99
36 90 99
28 70 99
70 77 99
38 47 99
51 95 99
7 79 99
47 61 99
22 56 99
0 78 99
20 90 99
12 87 99
67 77 99
67 93 99
60 62 99
2 14 99
7 27 99
48 79 99
21 46 99
53 62 99
66 77 99
9 47 99
47 82 99
20 42 99
11 44 99
20 68 99
29 31 99
6 91 99
15 92 99
4 59 99
10 80 99
62 66 99
55 78 99
65 94 99
4 10 99
19 84 99
21 23 99
3 76 99
4 96 99
43 49 99
4 33 99
55 93 99
57 99 99
63 91 99
14 22 99
22 23 99
7 77 99
54 67 99
13 67 99
49 62 99
33 84 99
21 79 99
8 55 99
14 28 99
92 96 99
46 62 99
80 95 99
10 23 99
1 72 99
37 51 99
19 90 99
56 90 99
16 73 99
19 58 99
7 50 99
72 76 99
50 89 99
11 49 99
32 79 99
25 80 99
32 74 99
17 76 99
10 79 99
22 76 99
64 96 99
29 98 99
42 88 99
81 85 99
96 98 99
77 85 99
42 69 99
42 70 99
6 84 99
32 49 99
62 69 99
31 43 99
13 41 99
22 62 99
76 89 99
10 58 99
41 78 99
16 54 99
14 36 99
17 52 99
46 83 99
76 77 99
35 97 99
59 83 99
7 38 99
1 62 99
28 45 99
94 97 99
17 75 99
18 71 99
23 71 99
1 90 99
68 81 99
78 84 99
26 96 99
7 87 99
64 73 99
35 47 99
8 63 99
38 43 99
54 70 99
42 97 99
5 10 99
19 80 99
16 44 99
1 20 99
32 36 99
0 84 99
51 83 99
65 73 99
40 94 99
18 88 99
3 51 99
