0 2 16
11 15 20
4 16 23
17 23 26
9 25 30
7 9 34
6 19 37
13 32 40
8 34 42
7 40 44
0 5 45
27 30 46
21 45 47
21 25 48
27 32 52
2 15 52
8 9 52
4 6 52
16 37 53
19 48 55
8 55 56
0 18 57
8 51 57
44 55 57
26 40 58
11 40 60
1 31 61
18 20 61
16 60 66
21 61 67
14 27 69
14 50 69
23 35 70
24 69 70
2 30 71
10 34 71
20 53 73
16 74 74
0 47 74
38 51 75
0 7 75
38 74 76
6 61 77
46 61 77
39 42 77
14 40 78
34 60 78
32 64 78
36 59 78
35 74 79
27 61 79
29 73 80
7 64 81
25 73 81
24 50 82
58 68 83
17 59 83
3 25 83
18 51 84
27 62 86
26 31 87
45 81 87
13 30 88
14 19 88
50 60 88
4 56 89
80 88 89
15 26 89
48 69 89
4 81 89
11 27 90
14 30 90
22 35 90
70 89 91
9 55 92
33 77 93
54 60 93
64 87 93
76 82 94
14 21 94
15 44 94
67 76 94
56 81 94
16 92 95
6 14 95
0 11 95
58 71 95
17 19 96
1 52 96
50 85 97
21 34 97
9 13 97
12 94 97
36 67 97
84 91 98
23 80 99
49 89 99
4 54 99
36 75 99
77 81 99
Time taken to sort - 0.000155 seconds