8 12 17
2 18 19
5 7 20
2 8 21
1 24 27
19 31 32
27 37 39
18 33 43
32 33 46
15 19 47
8 12 48
41 43 51
10 32 51
26 48 53
0 47 56
12 44 56
17 33 56
5 39 57
2 48 57
34 38 58
36 39 59
37 58 59
41 43 63
13 45 64
29 59 64
2 45 64
49 62 65
36 53 65
17 64 68
3 38 69
48 56 71
14 50 72
15 48 72
12 48 72
13 22 72
49 71 73
37 70 73
1 49 73
13 18 73
0 7 73
1 28 74
34 47 75
0 4 75
26 60 75
21 74 75
32 50 77
49 65 77
9 22 77
39 64 77
37 51 77
31 74 78
16 71 78
40 54 79
5 76 79
40 66 80
30 49 80
12 26 80
13 55 80
11 39 81
6 74 81
41 50 83
5 17 83
1 82 84
44 76 84
33 79 86
0 52 86
9 71 87
5 50 87
39 53 87
1 75 88
32 55 88
39 85 89
1 64 90
25 37 91
2 52 91
46 53 92
65 73 92
7 71 92
13 91 94
30 73 94
44 46 94
65 87 94
55 69 95
55 81 96
24 85 96
9 21 96
24 90 96
55 56 97
31 90 97
4 80 97
40 48 97
3 36 97
1 53 97
9 48 97
26 87 98
52 96 98
29 29 98
10 39 99
95 96 99
43 73 99
