2 4 6
0 8 9
5 6 10
1 4 11
1 3 12
7 9 14
2 9 14
4 13 14
0 0 16
4 6 16
8 13 16
15 16 17
16 17 17
4 11 18
5 18 19
9 10 19
0 6 20
1 9 20
7 20 20
3 8 20
9 20 21
5 7 22
2 21 22
14 17 22
8 11 23
16 19 23
15 16 23
10 12 23
3 23 23
16 16 23
12 14 23
13 19 24
22 24 24
2 13 24
11 18 24
15 22 24
12 12 24
3 14 24
3 19 24
7 11 25
0 25 25
1 12 25
2 24 25
9 16 25
0 20 25
6 8 25
3 25 26
1 6 26
19 23 26
19 24 26
8 20 27
1 26 27
11 19 27
12 20 27
5 15 28
2 9 28
6 17 28
1 15 28
12 27 29
1 28 29
10 17 29
8 19 29
8 15 29
1 4 29
1 16 29
0 17 29
4 10 29
1 5 30
1 17 30
9 17 30
9 14 30
0 7 30
1 23 30
3 13 30
16 23 30
9 26 31
10 19 31
2 7 31
17 19 31
3 21 31
22 24 31
4 31 32
5 24 33
5 9 33
12 20 33
0 6 33
17 30 33
15 21 34
5 33 34
21 22 34
10 24 34
5 7 34
7 26 34
7 18 34
15 34 34
7 24 34
18 28 34
1 20 34
20 21 34
6 18 34
11 12 35
8 26 35
3 14 35
18 22 35
20 24 35
18 23 35
9 20 35
11 18 35
31 32 35
2 29 35
12 33 35
13 15 35
5 24 36
0 23 36
13 25 37
4 19 37
13 23 37
2 6 37
9 27 37
23 35 37
4 27 37
19 28 37
11 13 37
9 35 38
11 19 38
7 14 38
7 13 38
4 28 38
0 13 38
13 28 38
25 32 38
9 16 38
20 36 38
21 26 38
3 37 39
1 31 39
20 35 39
0 15 39
2 35 39
18 33 39
3 39 39
11 17 39
32 38 39
6 36 39
12 32 39
8 29 39
22 32 40
9 28 40
10 37 40
17 32 40
30 34 40
1 22 40
1 2 41
12 35 41
24 32 41
27 36 41
20 32 41
7 23 41
3 13 41
24 37 41
12 13 41
10 20 41
21 32 41
2 25 41
20 24 41
19 33 42
4 29 42
21 37 42
6 18 42
20 23 42
22 31 42
15 37 42
12 35 42
5 20 42
12 14 42
24 33 42
17 25 42
23 29 42
20 25 42
0 20 43
33 41 43
28 39 43
8 30 43
8 35 43
3 20 43
14 27 43
28 35 43
1 39 44
4 6 44
10 42 44
4 26 44
15 37 44
25 27 44
13 33 44
16 29 44
8 34 44
4 31 44
0 4 44
20 32 44
20 33 44
13 28 44
3 20 44
30 30 44
9 11 44
19 25 44
6 40 44
18 36 45
17 20 45
43 43 45
7 21 45
7 28 45
0 43 45
26 27 45
3 37 45
33 38 45
2 41 45
40 44 45
38 43 45
15 37 46
11 34 46
36 45 46
19 40 46
20 22 46
12 22 46
7 14 46
21 31 46
19 28 46
23 43 46
5 25 46
19 30 46
8 30 46
11 22 46
10 26 46
8 21 46
25 32 46
26 33 46
0 16 46
10 25 47
24 42 47
14 29 47
3 8 47
15 24 47
44 44 47
21 32 47
29 38 47
25 45 47
16 17 47
17 29 47
20 27 47
6 20 47
31 45 48
12 21 48
2 33 48
0 46 48
16 46 48
12 38 48
20 27 48
31 47 48
36 44 48
29 34 48
2 11 48
28 38 48
30 32 48
14 47 48
27 44 48
28 33 48
18 41 48
22 44 49
22 28 49
5 43 49
1 18 49
5 26 49
36 43 49
26 38 49
8 19 49
24 41 49
13 19 49
30 38 49
24 48 49
9 31 49
21 37 49
5 17 49
21 29 49
37 47 50
2 8 50
29 31 50
24 45 50
11 22 50
1 21 50
6 43 50
5 5 50
5 17 50
0 29 50
30 35 50
6 45 50
8 47 50
5 25 50
26 42 50
35 35 51
25 43 51
33 39 51
28 48 51
1 35 51
1 40 51
29 47 51
5 21 51
8 42 51
9 35 51
28 45 51
9 28 51
0 41 51
21 43 51
7 27 51
33 35 51
24 27 51
6 32 51
5 39 51
23 51 51
43 45 51
25 39 51
16 46 51
17 35 51
14 49 51
11 19 51
11 48 52
12 26 52
10 39 52
40 50 52
3 37 52
38 44 52
14 49 52
3 14 52
16 29 52
19 47 52
21 47 52
16 26 52
15 18 52
37 42 52
16 26 52
0 13 53
0 52 53
19 42 53
4 24 53
8 41 53
20 25 53
28 47 53
6 49 53
38 39 53
0 23 53
0 48 53
11 16 53
36 40 53
8 42 53
44 52 54
11 25 54
22 45 54
9 51 54
15 45 54
2 40 54
9 10 54
21 34 54
4 41 54
18 48 54
36 50 54
2 31 54
8 20 54
34 46 54
34 46 54
3 24 54
17 37 54
21 23 54
6 34 54
0 43 54
23 49 54
29 40 54
43 49 55
4 48 55
2 24 55
6 11 55
21 38 55
6 9 55
3 31 55
31 52 55
54 55 55
7 13 55
27 35 55
6 23 56
25 34 56
29 35 56
0 10 56
10 50 56
2 3 56
6 19 56
32 37 56
47 55 56
12 55 56
33 44 57
2 56 57
39 47 57
36 56 57
0 45 57
54 54 57
33 45 57
46 53 57
45 57 57
28 45 57
21 50 57
11 56 57
8 18 57
3 38 57
16 21 57
18 42 57
12 20 57
9 18 57
45 48 58
32 34 58
11 50 58
21 31 58
42 53 58
25 37 58
33 35 58
4 26 58
3 37 58
20 43 58
5 27 58
37 51 58
35 49 58
0 21 58
40 45 58
3 55 59
9 53 59
26 50 59
13 34 59
1 36 59
49 52 59
26 35 59
30 39 59
15 44 59
2 24 59
31 41 59
24 31 59
34 47 59
21 42 59
23 42 59
10 26 59
2 9 59
8 53 59
49 52 59
42 48 59
23 43 59
0 47 59
0 57 59
16 24 60
13 28 60
0 36 60
49 57 60
30 34 60
21 36 60
7 18 60
4 15 60
12 43 60
0 15 60
15 54 60
21 53 60
26 34 60
43 53 60
12 45 60
28 32 60
45 53 60
29 50 60
19 19 60
1 16 60
8 41 60
8 32 60
3 55 61
28 43 61
32 35 61
3 47 61
23 31 61
40 44 61
18 26 61
1 22 61
0 15 61
49 60 61
29 33 61
0 21 62
40 54 62
35 60 62
20 57 62
2 52 62
12 41 62
1 44 62
4 39 62
45 52 62
20 53 62
7 27 62
15 37 62
16 22 62
34 58 62
22 41 62
4 45 62
2 45 62
6 43 62
17 62 62
45 55 62
4 56 62
18 60 62
3 44 62
31 44 62
7 23 63
58 63 63
11 44 63
6 13 63
6 29 63
33 53 63
44 56 63
5 36 63
43 46 63
12 49 63
10 50 63
28 46 63
11 59 63
40 52 63
38 41 63
30 60 63
7 58 63
43 61 63
3 23 63
29 53 63
43 57 63
37 37 64
9 24 64
15 15 64
33 44 64
15 59 64
13 21 64
14 44 64
28 59 64
4 53 64
49 49 64
19 41 64
33 52 64
18 31 64
3 23 64
30 59 64
40 53 64
18 41 64
0 11 64
9 55 64
26 46 64
16 20 64
24 44 64
26 55 64
14 49 64
21 35 64
26 56 64
34 35 64
16 61 64
14 15 65
9 40 65
27 48 65
14 41 65
28 48 65
53 62 65
32 56 65
60 61 65
59 59 65
6 41 65
58 60 65
1 9 65
3 49 65
1 45 65
6 58 65
33 44 65
45 62 65
4 51 65
1 50 65
12 51 65
41 63 65
19 39 65
42 61 65
33 53 65
16 50 65
17 45 65
13 42 65
27 47 66
34 54 66
4 18 66
52 61 66
22 52 66
27 31 66
1 36 66
27 43 66
47 54 66
6 56 66
9 22 66
60 65 66
36 40 66
40 41 66
59 61 66
53 56 66
38 49 66
2 49 66
15 31 66
17 65 66
5 38 66
14 20 66
20 40 66
26 44 66
55 56 66
4 4 66
23 36 66
6 52 66
4 55 66
41 55 66
44 66 67
1 29 67
19 20 67
9 35 67
16 42 67
4 21 67
11 13 67
32 36 67
21 43 67
20 66 67
20 65 67
12 38 67
3 42 67
28 35 67
23 40 67
3 52 67
38 51 67
5 66 67
22 62 67
31 42 67
16 51 67
25 62 67
20 24 67
6 23 67
35 50 67
15 41 67
14 31 67
11 14 67
12 13 67
12 28 67
27 45 67
5 47 67
47 63 67
60 67 68
15 67 68
45 57 68
21 65 68
56 60 68
8 55 68
10 17 68
7 38 68
18 55 68
40 60 68
8 39 68
29 46 68
39 45 68
2 41 68
39 47 68
22 44 68
29 57 68
3 29 68
39 64 68
30 35 68
34 50 68
42 67 68
21 33 68
8 16 68
19 52 68
39 56 68
4 14 68
31 64 68
14 24 68
55 67 68
5 38 69
3 64 69
4 49 69
18 36 69
18 68 69
52 61 69
10 20 69
1 57 69
40 63 69
11 54 69
50 65 69
7 67 69
32 65 69
23 57 69
12 26 69
11 51 69
19 40 69
12 63 69
27 34 69
35 35 69
17 36 69
15 53 69
5 52 69
1 50 69
17 59 69
7 31 69
32 43 69
14 42 69
33 57 69
48 52 69
14 65 69
10 43 69
58 63 69
5 68 69
3 59 70
0 22 70
3 18 70
21 65 70
34 43 70
7 63 70
0 43 70
16 52 70
26 55 70
41 57 70
24 45 70
26 38 70
14 19 70
33 40 70
29 57 70
53 66 70
47 49 70
14 32 70
11 28 70
9 49 70
7 20 70
0 25 70
1 53 70
28 64 70
16 48 70
39 39 70
28 65 70
13 23 70
10 32 70
19 22 70
26 68 70
40 54 70
43 48 70
12 29 70
39 51 70
31 52 70
11 37 70
51 66 70
56 61 71
40 51 71
22 29 71
33 66 71
3 55 71
33 54 71
17 45 71
15 26 71
7 17 71
5 63 71
31 55 71
1 55 71
42 42 71
7 36 71
56 57 71
16 57 71
35 57 71
12 21 71
22 45 71
17 31 71
45 64 71
14 33 71
0 5 71
57 60 71
25 37 71
35 37 71
26 54 71
1 63 71
44 60 71
35 55 71
36 53 71
6 60 71
9 60 72
21 45 72
1 4 72
1 62 72
26 40 72
38 42 72
11 56 72
32 65 72
25 53 72
23 34 72
30 36 72
50 62 72
6 26 72
17 24 72
20 71 72
8 19 72
53 66 72
0 24 72
49 58 72
18 54 72
20 66 72
15 19 72
18 55 72
8 12 72
0 20 72
61 67 72
27 48 72
5 57 72
13 26 72
12 14 72
67 69 73
19 68 73
30 73 73
1 54 73
9 35 73
7 30 73
1 65 73
42 67 73
29 55 73
22 49 73
3 16 73
26 64 73
6 57 73
17 57 73
5 44 73
14 51 73
10 16 73
2 64 73
6 69 73
10 61 73
0 30 73
21 40 73
8 27 73
5 18 73
49 70 73
30 61 73
35 40 73
25 30 73
31 53 74
13 18 74
48 53 74
33 56 74
43 52 74
4 14 74
13 14 74
59 73 74
61 69 74
14 36 74
42 57 74
29 41 74
32 47 74
47 56 74
12 37 74
46 71 74
33 53 74
61 69 74
9 51 74
22 26 74
11 12 74
63 74 74
45 63 74
61 72 74
34 60 74
3 33 74
40 71 74
41 57 74
4 13 74
25 33 74
47 58 74
22 74 74
3 24 74
7 63 74
53 57 75
7 19 75
41 64 75
7 20 75
34 73 75
4 69 75
7 22 75
6 29 75
21 31 75
49 70 75
69 69 75
55 64 75
4 74 75
66 69 75
0 60 75
9 11 75
1 39 75
10 60 75
43 47 75
23 54 75
24 62 75
27 53 75
24 43 75
19 56 75
1 45 75
41 50 75
1 49 75
19 68 75
21 65 75
22 69 75
1 72 75
16 44 75
12 52 75
6 60 75
9 21 75
19 30 75
18 38 75
8 38 76
45 48 76
8 27 76
12 26 76
22 22 76
42 51 76
26 36 76
27 29 76
33 73 76
60 62 76
44 73 76
29 53 76
9 11 76
0 37 76
11 57 76
13 34 76
29 47 76
51 59 76
64 72 76
13 74 76
25 63 76
24 60 76
21 28 76
57 58 76
19 67 76
44 60 76
4 65 76
5 63 76
33 72 76
34 49 76
16 70 77
64 72 77
15 39 77
2 77 77
44 70 77
44 53 77
57 69 77
30 60 77
47 57 77
32 50 77
20 74 77
40 54 77
46 52 77
63 68 77
8 16 77
17 73 77
44 67 77
14 72 77
14 55 77
3 44 77
44 47 77
6 26 77
12 27 77
14 60 77
35 68 77
66 68 77
27 67 77
5 32 77
6 22 77
56 63 77
31 44 77
22 71 77
18 46 77
42 59 78
2 57 78
46 69 78
25 41 78
7 8 78
29 44 78
51 58 78
46 76 78
15 46 78
3 37 78
23 39 78
25 29 78
73 73 78
16 36 78
18 59 78
4 70 78
17 55 78
27 30 78
9 65 78
50 60 78
32 55 78
0 19 78
8 61 78
6 57 79
22 70 79
5 39 79
57 70 79
26 45 79
20 28 79
16 61 79
20 54 79
1 29 79
19 61 79
50 78 79
19 29 79
14 66 79
38 44 79
26 60 79
29 52 79
30 70 79
39 72 79
56 68 79
4 22 79
26 36 79
35 46 79
44 65 79
9 71 79
47 71 79
50 62 79
25 54 79
65 70 79
3 14 79
10 44 79
37 39 79
1 50 79
21 24 79
16 59 79
58 59 79
3 7 79
5 63 79
42 51 79
12 56 79
8 21 80
63 80 80
28 63 80
6 39 80
40 61 80
38 57 80
5 15 80
11 59 80
72 76 80
6 20 80
9 65 80
5 40 80
39 67 80
33 78 80
26 74 80
43 65 80
64 78 80
8 46 80
62 69 80
21 33 80
2 47 80
46 57 80
48 70 80
44 71 80
72 78 80
13 42 80
33 59 80
20 66 80
28 75 80
48 61 80
44 76 80
1 24 80
33 59 80
5 55 80
72 76 80
18 20 80
5 5 80
27 44 80
21 60 80
28 61 80
35 61 81
65 80 81
14 51 81
16 38 81
68 68 81
24 53 81
7 50 81
20 53 81
5 30 81
16 77 81
40 65 81
59 77 81
37 60 81
18 41 81
52 65 81
46 49 81
72 80 81
12 61 81
31 75 81
4 72 81
22 63 81
5 37 81
3 41 81
5 44 81
15 44 81
12 77 81
26 77 81
16 27 81
14 72 81
26 79 81
31 79 81
42 77 81
35 46 81
45 78 81
23 37 82
52 59 82
1 9 82
46 62 82
25 31 82
32 69 82
3 33 82
29 51 82
35 42 82
62 68 82
61 62 82
28 36 82
58 67 82
5 59 82
29 74 82
50 61 82
22 53 82
0 31 82
4 26 82
3 73 82
32 54 82
48 59 82
14 65 82
65 66 82
41 53 82
30 33 82
14 41 82
54 72 82
36 79 82
36 73 82
29 73 82
35 72 82
22 22 82
45 69 82
54 58 82
57 58 82
52 58 82
46 56 82
43 75 83
60 77 83
60 69 83
52 68 83
36 82 83
26 73 83
22 72 83
11 77 83
39 66 83
38 59 83
18 49 83
59 68 83
30 46 83
43 62 83
21 28 83
32 75 83
42 70 83
54 64 83
59 63 83
17 72 83
5 64 83
45 79 83
17 80 83
62 74 83
34 41 83
27 75 83
52 77 83
5 31 83
58 76 83
9 83 83
19 56 83
7 52 83
9 21 83
18 22 83
59 77 83
31 44 84
39 77 84
44 46 84
20 68 84
37 83 84
59 63 84
15 17 84
35 78 84
44 80 84
61 74 84
40 45 84
27 64 84
9 16 84
5 11 84
5 79 84
20 41 84
13 60 84
49 80 84
16 79 84
14 74 84
10 54 84
6 70 84
47 53 84
0 40 84
45 69 84
13 48 84
51 78 84
15 17 84
36 74 84
7 8 84
21 71 84
53 82 84
15 34 84
4 73 84
31 83 85
14 47 85
11 63 85
43 59 85
34 65 85
33 41 85
25 67 85
16 40 85
54 70 85
15 71 85
21 34 85
15 65 85
5 29 85
47 67 85
18 33 85
7 38 85
26 64 85
7 60 85
24 40 85
16 75 85
70 72 85
41 59 85
40 43 85
56 70 85
10 81 85
23 50 85
13 42 85
53 72 85
28 82 85
37 71 85
27 51 85
74 75 85
8 70 85
12 51 85
28 75 85
38 50 85
25 48 85
36 75 86
8 37 86
26 83 86
45 52 86
3 45 86
13 64 86
5 75 86
59 71 86
2 82 86
17 23 86
12 38 86
45 67 86
28 33 86
14 31 86
2 11 86
4 52 86
22 54 86
10 65 86
25 56 86
31 49 86
8 59 86
39 85 86
26 63 86
55 59 86
34 70 86
5 54 86
22 29 86
2 10 86
24 76 86
30 56 86
49 85 86
56 67 86
25 45 86
10 81 86
84 85 86
41 75 86
57 70 86
46 82 86
24 35 86
6 27 86
3 56 86
43 58 87
12 20 87
10 82 87
8 60 87
1 29 87
6 26 87
0 74 87
21 36 87
35 87 87
51 59 87
38 65 87
22 28 87
5 31 87
6 79 87
19 50 87
27 35 87
64 83 87
17 30 87
65 82 87
36 43 87
12 78 87
52 67 87
31 58 87
16 83 87
18 24 87
72 82 87
18 70 87
6 36 87
1 84 87
7 29 87
7 86 87
37 58 87
7 8 87
70 72 87
0 33 87
28 74 87
24 75 87
1 2 87
72 76 87
60 71 87
20 29 87
11 40 87
16 22 87
8 76 87
41 43 88
55 63 88
36 72 88
14 32 88
50 83 88
44 84 88
36 57 88
84 85 88
25 33 88
30 71 88
33 58 88
56 74 88
74 76 88
2 9 88
24 74 88
26 31 88
66 70 88
13 68 88
10 16 88
6 6 88
18 47 88
51 78 88
4 80 88
30 62 88
20 86 88
51 61 88
18 50 88
4 41 88
58 87 88
35 45 88
10 18 88
5 75 88
34 51 88
19 67 88
29 78 88
29 60 88
37 82 88
0 35 88
38 52 88
25 32 88
82 87 88
64 71 88
32 61 88
1 7 88
18 23 88
21 59 88
3 19 88
36 85 88
12 39 88
28 71 88
69 77 88
36 61 88
53 59 88
45 72 89
51 77 89
64 78 89
13 76 89
10 70 89
20 46 89
16 53 89
75 87 89
5 5 89
63 69 89
12 33 89
0 83 89
36 88 89
52 80 89
38 64 89
27 30 89
38 59 89
37 74 89
27 67 89
19 85 89
11 55 89
8 13 89
54 65 89
21 23 89
66 79 89
10 59 89
20 21 89
15 72 89
78 82 89
52 63 89
4 44 89
3 60 89
57 65 89
4 39 89
37 44 89
61 73 89
34 67 89
11 25 89
17 69 89
12 12 89
70 78 89
1 31 89
43 81 89
34 60 89
50 53 89
32 71 89
46 66 89
65 80 89
47 60 89
52 81 89
16 73 89
2 30 89
15 18 89
50 52 90
21 89 90
33 90 90
15 64 90
74 77 90
53 69 90
10 21 90
14 17 90
32 35 90
35 65 90
45 88 90
29 61 90
39 67 90
28 33 90
38 82 90
4 23 90
10 19 90
81 87 90
1 88 90
71 88 90
33 39 90
14 66 90
20 44 90
46 86 90
16 30 90
18 60 90
45 75 90
27 67 90
24 76 90
39 54 90
3 70 90
29 88 90
76 85 90
17 86 90
18 62 90
19 79 90
40 60 90
43 58 90
6 25 90
56 63 90
64 75 90
44 76 90
62 67 90
50 82 90
48 84 90
23 59 90
10 60 90
2 18 90
31 81 90
3 82 90
0 10 90
17 79 90
1 14 90
82 84 91
36 75 91
43 64 91
15 84 91
18 77 91
8 62 91
2 25 91
62 85 91
12 78 91
76 78 91
10 88 91
51 78 91
27 61 91
70 79 91
35 71 91
22 86 91
70 73 91
53 73 91
46 72 91
67 79 91
40 75 91
21 65 91
30 86 91
0 65 91
44 61 91
10 33 91
5 76 91
6 82 91
47 54 91
46 54 91
55 84 91
28 58 91
13 71 91
59 76 91
26 43 91
34 34 91
36 74 91
18 62 91
5 64 91
27 88 91
49 83 91
40 89 91
13 85 91
63 76 91
9 78 91
28 47 91
46 70 91
81 89 91
48 51 91
45 87 91
34 65 91
6 13 91
55 56 91
28 74 91
6 52 92
36 84 92
5 64 92
2 10 92
0 3 92
67 87 92
27 58 92
28 76 92
12 83 92
29 85 92
17 77 92
36 42 92
54 59 92
54 90 92
1 5 92
25 87 92
55 63 92
31 81 92
4 36 92
8 18 92
70 75 92
64 91 92
28 74 92
46 83 92
47 54 92
3 7 92
52 78 92
9 84 92
7 46 92
19 41 92
36 42 92
50 88 92
15 42 92
67 90 92
7 85 92
26 78 92
66 81 92
26 52 92
57 85 92
18 55 92
34 70 92
1 89 92
65 84 93
41 59 93
72 84 93
61 81 93
8 88 93
64 88 93
59 88 93
11 25 93
9 23 93
35 65 93
26 56 93
30 69 93
4 42 93
12 87 93
15 79 93
20 27 93
18 20 93
84 85 93
21 64 93
23 39 93
23 53 93
3 17 93
36 47 93
18 83 93
9 45 93
54 82 93
66 89 93
23 89 93
10 18 93
4 30 93
12 36 93
53 86 93
0 46 93
84 91 93
32 87 93
21 63 93
52 84 93
18 31 93
3 34 93
33 54 93
2 38 93
57 68 93
57 91 93
40 89 93
58 77 93
11 81 93
42 64 93
5 40 93
19 21 93
3 73 93
59 85 93
56 89 93
1 77 93
36 75 93
50 74 93
24 40 93
28 49 93
20 23 93
5 60 93
9 41 93
40 76 93
58 60 93
62 87 93
35 63 93
12 40 94
17 62 94
6 42 94
20 87 94
10 86 94
43 87 94
0 8 94
19 23 94
34 70 94
29 38 94
67 78 94
46 52 94
55 93 94
27 67 94
30 53 94
66 89 94
2 25 94
48 63 94
82 82 94
42 45 94
42 82 94
28 48 94
45 71 94
44 72 94
17 49 94
17 42 94
74 76 94
0 16 94
18 86 94
10 38 94
39 80 94
17 36 94
27 34 94
21 50 94
0 69 94
33 61 94
56 72 94
12 89 94
0 37 94
29 74 94
8 33 94
12 89 94
20 42 94
80 85 94
24 35 94
4 8 94
38 49 94
4 36 94
17 72 94
26 29 94
22 86 94
32 91 94
12 73 94
11 18 94
18 65 94
37 47 94
87 92 94
32 62 94
42 55 94
3 8 94
70 73 94
1 57 94
25 91 94
31 33 94
51 66 94
76 81 94
3 25 95
9 43 95
19 55 95
2 37 95
43 86 95
28 35 95
8 17 95
10 23 95
6 53 95
41 45 95
16 73 95
58 77 95
70 84 95
48 66 95
17 26 95
17 38 95
14 35 95
38 94 95
57 72 95
5 95 95
22 77 95
38 77 95
16 87 95
29 44 95
5 93 95
2 75 95
49 59 95
63 85 95
9 71 95
45 48 95
21 62 95
63 76 95
57 70 95
5 87 95
39 87 95
66 83 95
27 67 95
49 81 95
1 44 95
10 78 95
83 85 95
17 69 95
20 82 95
15 83 95
58 66 95
56 92 95
28 73 95
50 56 95
46 47 95
54 79 95
39 64 95
26 77 95
65 95 95
54 73 95
3 60 95
43 89 95
46 80 95
5 62 95
20 86 95
30 73 96
4 24 96
57 66 96
8 35 96
5 80 96
1 15 96
45 95 96
51 65 96
35 50 96
11 46 96
15 83 96
8 23 96
67 71 96
34 49 96
62 77 96
64 73 96
5 48 96
43 58 96
34 93 96
39 41 96
54 61 96
31 46 96
30 41 96
33 65 96
82 84 96
13 65 96
17 52 96
52 54 96
39 56 96
64 91 96
16 86 96
10 54 96
21 24 96
4 18 96
17 82 96
52 76 96
30 76 96
37 84 96
12 58 96
7 42 96
11 20 96
12 96 96
47 65 96
37 48 96
9 32 96
26 83 96
53 67 96
20 87 96
15 29 96
79 90 96
23 46 96
47 60 96
12 36 96
48 51 96
8 93 96
22 55 97
82 92 97
11 60 97
48 72 97
21 97 97
26 75 97
22 67 97
71 97 97
12 22 97
2 84 97
15 82 97
18 68 97
48 72 97
12 26 97
20 52 97
16 63 97
2 36 97
3 58 97
20 35 97
7 66 97
14 70 97
40 77 97
52 71 97
6 40 97
46 51 97
23 79 97
9 79 97
23 93 97
52 73 97
35 40 97
29 86 97
22 53 97
22 44 97
38 83 97
59 93 97
21 80 97
41 68 97
5 88 97
41 93 97
17 95 97
79 86 97
30 95 97
16 59 97
16 61 97
0 44 97
2 55 97
58 76 97
77 92 97
76 91 97
58 62 97
18 52 97
30 57 97
11 24 97
23 51 97
25 87 97
34 87 98
34 96 98
73 78 98
46 83 98
1 82 98
9 14 98
8 74 98
34 41 98
3 8 98
63 90 98
54 55 98
11 50 98
40 52 98
73 88 98
40 61 98
44 56 98
66 83 98
19 41 98
20 78 98
18 82 98
24 38 98
91 95 98
28 72 98
32 36 98
15 77 98
22 46 98
32 85 98
17 79 98
11 25 98
20 95 98
27 49 98
22 63 98
84 96 98
50 56 98
53 78 98
23 48 98
12 65 98
71 93 98
53 92 98
3 92 98
23 42 98
27 52 98
37 94 98
46 61 98
19 82 98
1 82 98
29 64 98
24 56 98
11 92 98
10 70 98
69 91 98
73 90 98
86 97 98
47 66 98
58 93 98
37 73 99
15 66 99
23 71 99
41 46 99
34 97 99
79 81 99
24 35 99
36 51 99
6 18 99
16 78 99
8 27 99
28 75 99
42 79 99
32 64 99
76 79 99
64 74 99
27 84 99
38 92 99
61 97 99
60 65 99
65 83 99
80 92 99
54 92 99
7 63 99
38 50 99
14 41 99
14 17 99
22 75 99
19 68 99
83 89 99
15 20 99
5 26 99
50 58 99
74 96 99
21 95 99
28 31 99
53 99 99
34 68 99
44 89 99
15 39 99
23 82 99
40 77 99
25 69 99
10 64 99
13 45 99
11 81 99
56 81 99
82 87 99
44 49 99
21 69 99
14 77 99
31 46 99
Time taken to sort - 0.004477 seconds