4 18 24
26 34 36
21 24 39
25 39 39
10 31 40
11 29 43
5 21 49
13 33 50
30 52 53
2 38 54
16 49 54
23 43 55
3 4 55
20 32 55
10 31 56
3 16 56
12 33 56
18 47 57
44 49 58
27 47 60
18 60 62
48 61 62
9 15 64
2 19 65
21 61 65
25 26 66
5 56 66
49 65 67
7 62 67
8 24 68
5 29 68
28 38 69
47 49 69
46 55 70
55 61 70
2 15 70
12 48 70
54 70 71
2 24 71
36 59 71
20 39 72
30 42 72
21 28 73
24 58 74
46 74 76
7 7 77
11 21 77
59 66 77
19 25 77
6 65 78
53 76 78
9 78 78
40 74 79
35 55 79
29 74 79
16 77 81
23 81 81
54 62 81
11 63 81
56 72 81
4 58 82
12 30 83
39 79 83
17 52 84
16 59 84
13 26 84
8 62 84
29 35 84
66 76 85
22 68 85
6 21 86
33 81 86
4 18 87
40 68 88
75 77 88
8 47 89
42 83 89
7 49 90
8 38 91
39 87 92
16 49 92
90 91 92
37 63 92
12 13 93
52 58 93
5 90 95
54 82 95
8 8 95
9 54 95
29 40 96
57 73 96
39 60 97
28 56 97
8 21 98
8 65 98
12 87 99
52 98 99
20 88 99
15 70 99
43 75 99
Time taken to sort - 0.000098 seconds