1 5 6
3 3 6
4 9 10
9 10 10
4 7 10
8 9 11
9 11 11
4 7 12
11 11 12
9 12 13
7 8 13
1 12 13
4 10 13
7 7 14
2 2 14
1 11 14
2 4 14
6 13 15
1 8 15
1 12 15
7 15 15
11 13 16
3 16 16
11 14 16
0 10 16
10 15 16
3 17 17
15 16 17
14 17 17
2 8 17
15 16 17
5 7 17
8 9 17
16 17 18
13 14 18
0 4 18
0 12 18
8 9 18
4 13 18
4 8 19
5 16 19
8 10 19
11 14 19
2 14 19
9 20 20
11 19 20
2 5 20
3 6 20
1 18 20
7 12 21
12 19 21
2 10 21
4 5 21
11 19 21
13 20 22
1 7 22
4 21 22
4 5 22
7 13 22
13 16 22
9 10 23
19 21 23
18 20 23
3 19 23
1 5 23
11 11 23
2 3 23
4 11 23
14 14 23
18 23 23
0 4 23
2 19 23
14 18 23
5 11 23
2 21 23
5 6 24
7 16 24
19 20 24
0 3 24
6 13 24
15 19 24
2 8 24
14 21 24
6 11 24
6 21 24
6 24 25
10 24 25
6 8 25
7 21 25
0 14 25
4 18 25
10 13 25
4 20 25
2 17 25
9 11 25
1 6 26
7 19 26
17 23 26
9 25 26
12 21 26
14 14 26
8 13 26
17 25 26
14 16 26
11 19 26
19 20 26
17 22 26
7 19 26
0 3 27
8 18 27
14 22 27
13 14 27
7 20 27
17 17 27
2 16 27
1 2 27
0 11 27
11 13 27
22 23 27
21 23 27
5 15 27
7 27 28
5 24 28
8 18 28
21 22 28
9 16 28
7 20 28
2 15 28
16 17 28
5 9 28
8 20 28
1 8 28
0 22 28
3 5 28
13 23 28
22 24 28
2 16 28
15 24 28
18 23 28
20 26 28
1 23 28
0 16 28
9 13 28
3 11 29
2 17 29
22 28 29
0 17 29
18 27 29
16 16 29
25 26 29
3 12 29
18 22 29
8 25 29
9 26 29
25 28 29
0 26 29
16 26 29
0 18 29
3 24 29
25 28 29
16 19 29
4 6 30
2 4 30
12 17 30
14 25 30
13 21 30
9 13 30
7 27 30
3 5 30
13 25 30
5 24 30
3 22 30
3 8 30
14 26 30
5 23 30
7 23 30
3 8 30
16 22 30
24 29 30
2 20 30
15 28 30
4 13 30
0 11 30
13 25 30
14 14 30
12 30 31
4 6 31
2 25 31
10 21 31
7 11 31
20 25 31
28 29 31
17 24 31
7 21 31
20 29 31
13 15 31
14 19 31
29 30 31
0 1 31
24 28 31
7 26 31
6 9 32
12 26 32
0 16 32
8 28 32
26 29 32
1 5 32
6 22 32
11 28 32
10 29 32
11 19 32
6 24 32
1 29 32
0 13 32
22 29 32
1 4 32
4 13 32
4 27 32
2 6 32
0 23 32
18 30 32
3 23 33
26 29 33
6 8 33
4 22 33
21 31 33
10 23 33
16 18 33
16 21 33
5 15 33
23 23 33
1 25 33
26 28 33
12 21 33
5 13 33
8 11 33
21 24 33
16 25 33
13 30 33
26 28 33
0 16 33
5 12 33
8 24 33
22 28 33
0 1 33
8 20 33
14 16 34
9 27 34
11 25 34
9 23 34
21 34 34
8 29 34
25 33 34
15 29 34
6 33 34
20 25 34
0 12 34
3 34 34
16 29 34
18 20 34
1 32 34
17 23 34
1 7 34
10 31 34
0 7 34
2 14 34
8 30 34
14 24 34
28 29 34
14 26 34
13 30 35
4 10 35
30 33 35
4 20 35
21 29 35
17 26 35
7 33 35
7 33 35
15 18 35
17 28 35
3 9 35
19 22 35
23 35 35
11 26 35
3 4 35
0 19 35
6 6 35
13 30 35
18 28 35
5 14 35
4 28 35
6 12 35
13 18 35
7 22 35
8 16 35
4 25 36
15 17 36
4 9 36
3 30 36
27 28 36
18 32 36
10 16 36
32 33 36
3 6 36
6 15 36
22 34 36
0 15 36
0 22 36
13 29 36
6 28 36
9 33 36
2 9 36
6 9 36
2 12 36
5 5 36
3 20 36
7 31 36
2 3 36
1 19 36
5 32 36
1 35 36
14 26 36
2 30 36
9 35 36
12 18 36
17 20 36
29 32 36
0 13 36
18 33 36
17 21 37
11 27 37
9 23 37
1 30 37
12 14 37
12 15 37
31 35 37
20 23 37
31 35 37
4 5 37
17 22 37
15 23 37
23 26 37
3 18 37
6 24 37
11 30 37
14 30 37
1 7 37
2 31 37
26 33 37
7 10 37
8 19 37
3 35 37
2 21 37
22 30 37
1 18 37
3 16 37
8 10 37
19 20 37
3 25 37
23 25 37
5 33 37
16 28 38
0 38 38
32 33 38
10 12 38
21 38 38
6 18 38
23 29 38
2 10 38
0 31 38
18 31 38
4 34 38
6 10 38
20 22 38
29 32 38
0 7 38
3 31 38
4 26 38
4 30 38
10 22 38
34 35 38
6 9 38
0 11 38
31 35 39
11 21 39
2 4 39
5 14 39
6 18 39
18 28 39
22 33 39
3 5 39
5 19 39
22 31 39
13 31 39
3 15 39
5 24 39
9 36 39
16 34 39
11 25 39
10 19 39
13 25 39
20 28 39
15 33 39
1 21 39
6 25 39
23 30 39
5 36 39
10 22 39
0 25 39
2 8 39
4 38 40
28 30 40
12 33 40
23 38 40
17 20 40
12 30 40
2 21 40
19 33 40
11 27 40
4 14 40
31 36 40
6 9 40
1 35 40
24 34 40
6 18 40
4 5 40
4 36 40
2 33 40
8 20 40
1 7 40
4 11 40
27 38 40
10 34 40
11 35 40
8 15 41
12 38 41
16 24 41
6 11 41
2 16 41
1 15 41
30 35 41
24 35 41
16 34 41
21 24 41
3 9 41
4 6 41
20 22 41
13 38 41
21 29 41
18 36 41
3 27 41
10 14 41
32 38 41
3 3 41
9 21 41
23 40 41
35 41 41
14 25 41
0 7 41
20 21 41
16 30 41
17 26 41
7 29 41
10 16 41
34 40 41
22 39 41
6 24 41
42 42 42
29 30 42
12 26 42
14 31 42
14 21 42
8 34 42
10 24 42
18 33 42
17 33 42
21 30 42
34 35 42
10 15 42
18 24 42
31 37 42
2 7 42
17 40 42
3 32 42
13 31 42
9 28 42
2 14 42
2 38 42
9 27 42
5 41 42
4 27 42
21 33 43
21 39 43
12 21 43
11 24 43
15 40 43
2 26 43
2 20 43
26 40 43
4 40 43
8 40 43
2 35 43
16 29 43
17 23 43
8 12 43
15 26 43
0 5 43
21 28 43
18 32 43
2 24 43
40 42 43
17 23 43
9 27 43
6 23 43
16 36 43
1 17 43
6 23 43
22 41 43
15 37 43
10 36 43
15 29 44
3 42 44
36 39 44
12 18 44
18 21 44
26 32 44
17 41 44
15 21 44
37 39 44
10 40 44
14 42 44
3 38 44
20 26 44
4 35 44
4 26 44
5 21 44
11 15 44
28 36 44
0 28 44
9 27 44
2 33 44
13 19 44
7 19 44
11 24 44
24 25 44
23 30 44
23 24 44
2 14 44
10 27 44
1 32 44
1 31 44
14 25 44
23 40 44
7 29 44
29 30 44
5 18 44
22 24 44
4 10 44
9 32 44
6 34 44
1 36 44
33 39 44
16 18 44
6 21 44
24 31 44
6 32 44
43 44 44
12 36 44
9 12 44
4 22 44
4 41 44
1 11 44
0 17 44
5 6 44
9 16 44
0 14 44
1 10 44
6 30 45
20 42 45
10 24 45
4 11 45
4 14 45
18 28 45
8 31 45
9 23 45
16 44 45
32 35 45
16 30 45
7 23 45
26 28 45
29 37 45
5 38 45
33 36 45
34 39 45
18 32 45
11 24 45
8 36 45
13 21 45
32 42 45
4 11 45
8 37 45
3 10 45
17 39 45
14 26 45
22 44 45
5 14 45
1 9 45
12 13 45
22 29 45
9 44 45
18 29 45
35 36 45
22 32 46
6 35 46
19 34 46
3 46 46
23 28 46
4 35 46
19 45 46
11 32 46
17 30 46
6 8 46
36 38 46
3 39 46
1 19 46
30 32 46
15 33 46
24 45 46
30 46 46
14 40 46
20 28 46
21 36 46
2 40 46
23 25 46
17 30 46
10 12 46
28 33 46
0 42 46
26 29 46
3 31 46
19 23 46
28 46 46
27 35 46
19 22 46
16 28 46
6 45 46
37 44 46
7 18 46
0 31 46
39 41 46
19 30 46
9 17 46
32 45 46
29 40 47
8 18 47
16 41 47
12 19 47
26 39 47
9 17 47
23 30 47
8 24 47
12 19 47
30 44 47
6 7 47
5 33 47
20 31 47
0 44 47
8 24 47
10 32 47
2 22 47
4 27 47
17 42 47
22 44 47
20 45 47
11 41 47
1 27 47
7 46 47
21 33 47
26 35 47
0 12 47
10 39 47
1 4 47
1 37 47
0 19 47
30 45 47
28 42 47
19 31 47
8 40 47
6 34 47
18 21 47
20 28 47
31 43 47
22 24 47
30 39 47
13 20 47
25 47 47
38 40 47
1 43 47
30 43 48
21 45 48
12 17 48
11 41 48
21 27 48
12 37 48
9 28 48
10 13 48
12 21 48
6 21 48
8 24 48
10 32 48
28 28 48
33 45 48
24 29 48
13 33 48
3 15 48
17 23 48
19 24 48
5 48 48
9 25 48
20 37 48
42 42 48
10 16 48
5 6 48
28 36 48
15 20 48
13 40 48
1 31 48
14 30 48
27 32 48
1 8 48
20 48 48
11 32 48
30 36 48
11 44 48
22 31 49
45 47 49
11 16 49
25 28 49
1 34 49
17 49 49
23 23 49
20 37 49
11 17 49
12 23 49
20 38 49
28 47 49
21 32 49
21 44 49
22 31 49
27 35 49
36 46 49
15 16 49
35 40 49
9 45 49
5 14 49
13 39 49
37 43 49
19 23 49
5 46 49
30 46 49
29 46 49
14 45 49
29 36 49
5 8 49
23 32 49
20 42 49
8 23 49
14 47 49
5 32 49
23 38 49
3 21 49
5 12 49
30 35 49
31 39 49
8 27 50
4 25 50
6 37 50
30 43 50
13 47 50
36 49 50
19 34 50
1 27 50
10 23 50
15 21 50
17 26 50
3 33 50
18 22 50
29 40 50
34 40 50
1 38 50
41 43 50
4 4 50
16 34 50
15 42 50
23 25 50
40 40 50
24 36 50
37 49 50
14 27 50
27 47 50
14 21 50
14 37 50
2 6 50
0 47 50
27 45 50
16 28 50
1 44 50
25 45 50
14 19 50
4 37 50
16 41 50
6 18 50
25 33 50
20 26 50
5 29 50
1 15 50
9 29 50
9 17 51
21 48 51
1 19 51
11 19 51
11 46 51
30 46 51
12 49 51
3 23 51
37 45 51
38 41 51
39 51 51
2 24 51
3 41 51
34 35 51
7 28 51
4 13 51
3 24 51
16 18 51
14 27 51
5 5 51
13 25 51
25 36 51
24 34 51
1 12 51
25 25 51
30 37 51
5 40 51
13 15 51
2 5 51
26 33 51
30 40 51
5 22 51
30 39 51
25 50 51
15 45 51
37 45 51
6 14 51
5 23 51
23 49 51
28 36 51
4 24 51
29 29 51
5 42 51
1 41 51
2 37 51
8 25 51
24 43 51
6 25 51
1 23 51
9 23 51
1 16 52
7 36 52
23 33 52
7 43 52
2 45 52
9 21 52
20 46 52
16 52 52
6 12 52
3 5 52
2 21 52
14 51 52
3 21 52
48 50 52
0 29 52
2 6 52
10 46 52
42 44 52
20 41 52
24 44 52
15 31 52
2 13 52
34 36 52
23 33 52
20 44 52
34 47 52
27 36 52
29 44 52
2 49 52
25 35 52
36 39 52
13 30 52
10 27 52
5 27 52
7 28 52
30 35 52
16 27 52
9 12 52
30 47 52
16 35 52
0 19 52
16 18 52
40 46 52
36 43 52
33 51 52
40 47 52
9 10 52
24 39 52
39 42 52
1 31 52
27 49 52
7 45 52
24 44 52
5 28 52
20 33 52
0 46 53
5 49 53
15 23 53
8 38 53
26 51 53
30 46 53
2 16 53
51 51 53
6 35 53
3 33 53
29 52 53
1 25 53
37 45 53
7 36 53
6 47 53
30 46 53
26 49 53
32 34 53
38 51 53
10 53 53
45 51 53
16 27 53
2 24 53
29 42 53
4 7 53
13 52 53
14 46 53
21 22 53
26 31 53
19 29 53
20 52 53
17 27 53
1 44 53
32 47 53
10 42 53
10 23 53
14 32 53
9 32 53
15 31 53
27 32 54
10 26 54
22 50 54
33 53 54
14 41 54
3 38 54
12 37 54
22 50 54
39 49 54
5 23 54
0 29 54
11 35 54
29 51 54
36 49 54
1 22 54
21 51 54
33 49 54
3 52 54
7 40 54
15 53 54
1 5 54
31 36 54
7 26 54
32 36 54
29 37 54
10 28 54
7 32 54
39 44 54
8 49 54
3 37 54
11 48 54
18 51 54
16 34 54
27 41 54
21 38 54
18 43 54
25 36 54
0 38 54
21 26 54
17 23 54
36 45 54
47 53 54
0 26 54
23 49 54
20 21 54
32 35 54
12 14 54
13 39 54
37 46 54
29 44 54
41 49 54
13 33 54
12 20 54
16 16 54
23 53 54
28 28 54
19 20 54
16 44 55
3 46 55
1 15 55
38 52 55
21 31 55
19 26 55
13 48 55
14 27 55
43 49 55
8 50 55
21 23 55
21 33 55
21 43 55
7 52 55
27 45 55
16 25 55
1 49 55
7 33 55
16 49 55
4 14 55
11 45 55
2 49 55
50 54 55
2 37 55
27 47 55
39 48 55
1 45 55
7 46 55
11 51 55
37 41 55
8 11 55
36 51 55
45 53 55
6 52 55
21 36 55
32 37 55
46 50 55
2 16 55
8 34 55
11 24 55
37 42 55
2 12 55
29 42 55
31 31 55
27 39 55
25 44 55
16 34 55
18 49 55
5 6 55
34 42 55
35 45 55
33 52 55
13 37 55
3 42 55
16 43 55
3 21 55
20 33 56
2 52 56
48 54 56
21 22 56
14 52 56
45 51 56
7 33 56
49 54 56
15 31 56
3 10 56
15 52 56
28 39 56
26 37 56
13 13 56
44 47 56
0 38 56
33 43 56
3 55 56
28 35 56
13 50 56
27 50 56
49 53 56
23 33 56
38 56 56
7 25 56
24 54 56
14 37 56
41 47 56
28 52 56
10 30 56
28 36 56
29 32 56
3 26 56
25 52 56
14 38 56
24 43 56
0 33 56
19 26 56
2 4 56
4 27 56
2 39 56
10 37 56
38 49 56
19 47 56
0 8 56
14 17 56
9 53 56
33 50 56
45 54 56
4 34 56
28 50 56
4 15 56
27 29 56
38 55 56
7 49 57
16 44 57
6 19 57
17 38 57
6 50 57
13 17 57
26 49 57
48 53 57
8 16 57
47 49 57
11 20 57
29 49 57
31 34 57
35 47 57
42 45 57
33 34 57
7 36 57
28 31 57
21 56 57
8 19 57
1 20 57
41 49 57
18 43 57
34 52 57
23 32 57
12 18 57
19 31 57
36 44 57
20 45 57
27 52 57
32 41 57
17 56 57
15 34 57
8 51 57
7 22 57
15 38 57
37 43 57
3 47 57
15 38 57
22 43 57
4 15 57
3 47 57
14 22 57
9 15 57
30 43 57
17 51 57
16 25 57
25 35 57
21 31 57
5 41 57
21 43 57
5 44 57
3 24 57
4 47 57
43 48 57
48 53 57
6 30 57
2 28 57
13 24 57
4 30 57
12 15 57
22 32 57
1 43 57
35 51 57
8 52 57
17 46 57
13 15 58
19 44 58
9 54 58
5 41 58
5 57 58
24 54 58
23 57 58
13 19 58
39 41 58
5 16 58
5 26 58
22 47 58
22 42 58
1 10 58
19 38 58
14 41 58
24 28 58
7 44 58
2 5 58
40 57 58
22 26 58
1 34 58
26 34 58
27 31 58
3 56 58
1 47 58
22 31 58
23 41 58
9 38 58
3 44 58
8 22 58
39 42 58
7 33 58
16 34 58
45 55 58
1 56 58
4 13 58
45 56 58
30 58 58
43 45 58
30 49 58
6 54 58
35 56 58
42 49 58
23 29 58
13 43 58
44 54 58
24 57 58
16 46 58
27 28 58
17 32 58
27 46 58
11 27 58
20 38 58
13 22 58
35 42 58
19 41 58
17 32 58
22 59 59
16 47 59
13 44 59
7 43 59
18 49 59
4 49 59
17 34 59
13 55 59
3 3 59
6 57 59
7 37 59
5 16 59
13 31 59
21 40 59
29 54 59
39 58 59
1 23 59
7 40 59
17 54 59
35 39 59
6 59 59
52 54 59
14 51 59
23 53 59
10 28 59
7 27 59
7 23 59
16 58 59
7 41 59
33 48 59
43 44 59
14 17 59
39 51 59
45 48 59
56 56 59
41 46 59
1 51 59
41 45 59
29 49 59
14 21 59
47 54 59
2 28 59
13 29 59
18 29 59
9 46 59
2 50 59
32 36 59
10 19 59
15 58 59
34 57 59
14 27 59
3 52 59
0 52 59
44 46 59
7 18 59
23 58 59
42 58 59
6 9 59
26 43 59
29 44 59
11 35 59
7 13 60
38 38 60
4 38 60
1 30 60
19 41 60
7 15 60
51 57 60
2 44 60
45 58 60
41 47 60
24 26 60
19 53 60
35 45 60
17 49 60
6 40 60
10 19 60
30 31 60
4 42 60
17 45 60
26 51 60
22 49 60
25 45 60
7 17 60
25 26 60
26 34 60
7 28 60
13 28 60
21 49 60
14 25 60
6 28 60
5 47 60
44 58 60
15 24 60
15 25 60
31 43 60
20 25 60
35 50 60
4 19 60
7 9 60
7 13 60
43 53 60
45 56 60
33 52 60
38 44 60
1 50 60
33 36 60
0 9 60
15 60 60
9 36 60
48 58 60
17 25 60
39 45 60
6 6 60
32 60 60
38 57 60
36 47 60
24 27 60
22 58 60
30 56 61
24 43 61
12 44 61
0 36 61
44 55 61
6 9 61
34 57 61
8 12 61
25 49 61
8 49 61
46 48 61
3 24 61
17 31 61
29 54 61
50 53 61
27 59 61
51 58 61
24 52 61
23 52 61
23 50 61
21 32 61
20 50 61
41 58 61
14 51 61
6 36 61
0 37 61
24 29 61
7 16 61
3 58 61
31 46 61
19 52 61
10 17 61
10 15 61
21 50 61
16 40 61
36 44 61
43 60 61
22 40 61
31 39 61
12 35 61
26 41 61
44 47 61
15 53 61
10 33 61
12 58 61
4 37 61
22 26 61
4 42 61
15 33 61
27 44 61
31 53 61
7 21 61
14 31 61
9 16 61
0 42 61
44 54 61
14 50 61
6 18 62
32 41 62
17 35 62
16 50 62
12 13 62
13 45 62
14 16 62
4 33 62
10 31 62
0 60 62
16 29 62
2 43 62
22 39 62
10 61 62
47 60 62
0 5 62
30 50 62
38 60 62
6 37 62
7 43 62
32 35 62
3 40 62
6 27 62
5 33 62
54 58 62
1 28 62
13 56 62
18 22 62
19 56 62
2 41 62
46 54 62
4 16 62
56 58 62
39 43 62
34 53 62
1 52 62
47 61 62
26 47 62
15 42 62
20 55 62
15 50 62
39 51 62
32 52 62
27 37 62
4 46 62
9 49 62
22 38 62
0 36 62
3 45 62
35 40 62
4 9 62
19 58 62
25 36 62
19 54 62
26 55 62
39 42 62
0 1 62
7 49 62
16 54 62
6 7 62
29 60 62
1 58 62
3 11 62
16 53 62
23 41 62
30 54 62
14 49 62
38 56 62
18 51 62
39 42 62
16 58 63
23 39 63
28 43 63
16 24 63
16 32 63
4 24 63
3 30 63
5 22 63
5 6 63
8 25 63
3 26 63
4 34 63
20 45 63
10 50 63
36 42 63
22 32 63
48 48 63
48 49 63
21 25 63
21 33 63
33 61 63
40 45 63
34 34 63
4 35 63
16 45 63
53 53 63
13 17 63
25 28 63
6 47 63
8 57 63
12 49 63
12 48 63
50 54 63
28 35 63
10 52 63
22 28 63
39 57 63
6 33 63
42 59 63
3 24 63
0 15 63
21 62 63
11 21 63
13 26 63
4 44 63
1 35 63
51 54 63
21 58 63
36 52 63
22 39 63
6 22 63
40 61 63
12 42 63
17 36 63
4 30 63
28 53 63
7 10 63
10 56 63
26 32 64
11 11 64
54 59 64
23 51 64
4 63 64
19 54 64
2 56 64
16 33 64
5 22 64
48 59 64
49 55 64
4 52 64
25 26 64
34 48 64
20 28 64
12 20 64
50 54 64
4 5 64
7 17 64
15 35 64
11 18 64
34 43 64
4 39 64
8 63 64
49 64 64
50 57 64
55 57 64
15 30 64
34 55 64
13 55 64
53 57 64
31 58 64
38 55 64
35 60 64
6 15 64
4 59 64
4 8 64
1 31 64
10 47 64
9 50 64
33 64 64
14 56 64
26 63 64
12 25 64
38 47 64
9 24 64
26 57 64
43 53 64
1 54 64
2 49 64
6 61 64
47 47 64
25 34 64
24 35 64
38 58 64
20 63 64
11 42 64
48 58 64
19 27 64
24 46 64
51 52 64
24 29 64
9 62 64
8 10 64
1 29 64
1 64 64
56 58 64
7 39 64
44 57 64
11 35 65
27 48 65
6 14 65
1 8 65
16 44 65
16 64 65
52 55 65
18 33 65
11 47 65
16 27 65
36 52 65
1 64 65
5 37 65
4 9 65
28 30 65
24 44 65
12 15 65
38 64 65
6 14 65
25 27 65
14 20 65
12 62 65
37 46 65
8 58 65
38 65 65
8 14 65
43 65 65
13 14 65
20 30 65
30 54 65
5 59 65
6 17 65
22 27 65
1 55 65
11 15 65
12 65 65
40 55 65
6 45 65
20 47 65
19 41 65
37 39 65
25 26 65
42 62 65
41 49 65
44 53 65
13 48 65
32 34 65
10 55 65
3 5 65
22 29 65
51 53 65
9 13 65
39 55 65
40 55 65
4 9 65
11 64 65
8 38 65
11 19 65
12 28 65
3 49 65
16 28 65
48 50 65
13 25 65
26 37 65
24 63 65
7 54 65
40 64 65
19 20 65
61 63 65
6 47 65
3 47 65
19 28 65
45 47 65
5 53 65
21 38 65
42 65 65
37 57 65
2 53 65
17 47 65
7 31 66
16 66 66
0 59 66
40 59 66
54 59 66
35 52 66
12 19 66
11 51 66
41 49 66
46 55 66
18 49 66
63 65 66
1 24 66
43 58 66
21 41 66
13 17 66
26 64 66
2 42 66
14 42 66
18 34 66
34 63 66
23 60 66
0 44 66
22 56 66
39 44 66
4 34 66
6 7 66
6 8 66
27 57 66
40 50 66
6 16 66
3 66 66
34 51 66
11 38 66
15 56 66
16 57 66
32 59 66
35 47 66
2 26 66
45 50 66
49 54 66
20 55 66
0 41 66
62 63 66
25 44 66
15 21 66
57 63 66
13 42 66
17 20 66
7 61 66
17 47 66
54 66 66
11 34 66
43 54 66
27 56 66
1 56 66
12 63 66
34 53 66
47 50 66
23 51 66
26 56 66
4 32 66
24 36 66
7 44 66
53 59 66
21 62 66
22 24 66
37 46 67
26 60 67
0 59 67
15 37 67
6 66 67
3 13 67
35 41 67
16 32 67
27 46 67
29 45 67
46 64 67
6 13 67
7 9 67
25 64 67
10 17 67
15 48 67
1 65 67
31 49 67
1 57 67
15 55 67
26 46 67
37 64 67
9 10 67
35 37 67
5 66 67
36 60 67
18 51 67
15 41 67
0 66 67
41 57 67
15 29 67
19 65 67
38 39 67
29 32 67
9 32 67
37 41 67
14 58 67
43 58 67
19 65 67
17 30 67
6 25 67
10 40 67
39 64 67
43 62 67
14 28 67
27 64 67
50 61 67
2 31 67
18 48 67
4 9 67
2 60 67
59 59 67
32 61 67
49 55 67
26 46 67
12 34 67
12 22 67
14 33 67
23 33 67
19 20 67
21 58 67
3 47 67
2 10 67
26 59 67
7 40 67
18 52 67
29 37 67
17 45 67
0 33 67
35 47 67
26 34 67
8 56 67
5 52 67
43 59 67
34 50 68
10 43 68
48 64 68
1 3 68
29 48 68
2 45 68
22 36 68
19 62 68
18 54 68
9 64 68
9 34 68
10 13 68
32 67 68
21 34 68
23 60 68
3 53 68
31 43 68
0 19 68
4 6 68
12 45 68
9 27 68
57 68 68
18 43 68
19 49 68
26 34 68
5 36 68
9 49 68
14 60 68
1 31 68
5 16 68
3 40 68
50 64 68
40 47 68
12 36 68
23 23 68
35 42 68
9 26 68
11 29 68
62 66 68
38 45 68
22 45 68
34 45 68
10 56 68
3 49 68
10 17 68
0 0 68
35 39 68
0 18 68
9 63 68
9 52 68
19 63 68
24 32 68
8 53 68
47 58 68
37 66 68
12 46 68
29 68 68
31 68 68
28 31 68
5 29 68
43 57 68
0 63 68
37 45 68
31 57 68
6 64 68
0 20 68
26 54 68
10 68 68
3 35 68
32 67 68
26 34 68
4 51 68
54 66 68
4 53 68
2 33 68
31 35 68
7 38 68
16 31 68
44 55 68
0 27 68
39 55 68
13 14 68
6 34 68
0 46 68
7 19 68
30 67 68
41 60 68
20 30 68
19 58 68
55 59 68
21 55 69
9 28 69
14 61 69
5 10 69
55 64 69
40 41 69
7 15 69
9 24 69
34 42 69
21 64 69
14 54 69
16 44 69
50 63 69
40 64 69
2 11 69
38 65 69
7 29 69
14 31 69
17 65 69
16 30 69
3 17 69
33 69 69
12 39 69
14 20 69
11 66 69
24 26 69
5 17 69
12 46 69
14 67 69
13 37 69
12 67 69
12 32 69
37 50 69
25 63 69
8 40 69
60 67 69
66 67 69
1 46 69
19 38 69
41 55 69
28 65 69
16 67 69
38 60 69
29 45 69
10 16 69
19 32 69
58 62 69
17 39 69
36 62 69
1 7 69
30 38 69
12 47 69
9 49 69
2 67 69
12 38 69
28 32 69
6 24 69
20 58 69
1 47 69
9 67 69
59 65 69
25 28 69
29 44 69
7 45 69
9 18 69
30 43 69
18 25 69
23 55 69
27 45 69
34 69 69
18 18 69
13 16 69
7 61 69
8 42 69
13 55 69
42 47 69
41 57 69
33 48 69
31 45 69
16 68 69
12 19 69
21 23 69
2 52 69
30 61 69
7 32 69
14 28 70
12 60 70
13 49 70
25 32 70
48 68 70
20 67 70
13 32 70
39 46 70
45 50 70
28 55 70
20 64 70
13 32 70
60 68 70
24 63 70
22 51 70
5 65 70
37 70 70
54 58 70
5 26 70
37 46 70
21 66 70
14 26 70
13 48 70
2 34 70
27 44 70
45 69 70
43 59 70
31 33 70
48 51 70
37 37 70
49 63 70
10 19 70
25 41 70
23 51 70
2 38 70
21 31 70
9 54 70
47 63 70
13 45 70
69 69 70
17 27 70
15 33 70
29 49 70
48 55 70
45 54 70
19 46 70
21 34 70
44 67 70
51 68 70
1 9 70
14 19 70
27 41 70
3 32 70
9 48 70
10 11 70
25 56 70
35 47 70
46 60 70
2 39 70
8 47 70
7 63 70
38 61 70
43 58 70
37 38 70
12 54 70
3 47 70
28 34 70
9 35 70
27 31 70
53 62 70
1 40 70
64 66 70
35 56 70
11 48 70
23 52 70
16 35 70
28 51 70
15 68 70
14 28 70
24 66 70
13 27 70
13 32 70
18 42 70
1 53 70
16 31 70
19 29 70
2 38 70
13 27 70
38 60 70
27 29 71
2 63 71
20 49 71
20 22 71
0 53 71
45 47 71
0 45 71
17 27 71
10 61 71
5 55 71
13 41 71
2 36 71
11 41 71
46 58 71
27 27 71
37 38 71
24 56 71
14 59 71
23 24 71
15 33 71
10 21 71
20 61 71
28 68 71
15 62 71
0 31 71
56 61 71
5 45 71
23 38 71
1 12 71
66 70 71
37 66 71
8 57 71
18 53 71
37 61 71
18 39 71
9 39 71
4 45 71
3 17 71
12 57 71
34 47 71
15 61 71
28 32 71
31 35 71
22 31 71
61 63 71
4 71 71
15 62 71
12 45 71
43 54 71
0 51 71
53 63 71
26 27 71
13 47 71
43 58 71
20 55 71
47 55 71
27 59 71
8 18 71
13 58 71
12 69 71
9 42 71
17 18 71
15 64 71
14 46 71
21 36 71
26 60 71
3 69 71
12 19 71
33 64 71
16 56 71
28 41 71
16 43 71
22 58 71
31 35 71
36 59 71
23 31 71
9 12 71
19 38 71
24 51 71
28 65 71
7 61 71
6 45 71
50 54 71
11 23 71
29 34 71
31 68 71
38 64 71
7 8 72
6 59 72
50 52 72
17 66 72
0 39 72
16 44 72
18 55 72
0 0 72
5 34 72
12 64 72
0 56 72
20 58 72
29 55 72
0 28 72
27 66 72
28 34 72
0 13 72
44 62 72
16 37 72
46 49 72
6 22 72
21 31 72
29 51 72
17 30 72
27 38 72
3 41 72
18 48 72
1 8 72
3 46 72
10 51 72
11 25 72
3 33 72
36 37 72
12 16 72
1 23 72
56 57 72
18 20 72
29 42 72
6 23 72
34 67 72
5 21 72
59 69 72
42 46 72
10 22 72
30 62 72
5 7 72
2 61 72
8 34 72
15 64 72
4 68 72
0 14 72
0 43 72
22 40 72
43 48 72
4 66 72
57 66 72
32 59 72
60 69 72
7 32 72
53 59 72
3 20 72
23 42 72
17 62 72
1 67 72
6 32 72
11 44 72
37 64 72
59 68 72
7 64 72
7 19 72
14 51 72
12 65 72
11 56 72
17 47 72
14 19 72
6 44 72
2 23 72
28 51 72
38 70 72
19 55 72
34 46 72
14 43 72
20 63 72
54 69 72
56 57 72
46 71 72
18 47 72
43 57 72
6 32 72
56 66 72
12 70 73
15 49 73
1 73 73
26 49 73
55 55 73
23 27 73
62 65 73
3 7 73
31 33 73
8 12 73
23 54 73
43 43 73
21 26 73
10 64 73
28 35 73
34 35 73
55 68 73
18 72 73
1 21 73
25 36 73
30 57 73
24 36 73
30 58 73
48 56 73
0 55 73
43 65 73
6 45 73
3 70 73
22 50 73
18 21 73
12 42 73
19 65 73
21 32 73
23 53 73
12 14 73
2 37 73
38 54 73
14 21 73
42 70 73
28 32 73
6 69 73
55 64 73
21 26 73
16 18 73
30 36 73
10 56 73
29 34 73
30 45 73
8 55 73
0 33 73
16 60 73
14 23 73
7 29 73
19 59 73
26 56 73
52 69 73
41 64 73
32 55 73
39 40 73
62 66 73
43 58 73
46 55 73
13 26 73
11 52 73
47 48 73
18 51 73
20 34 73
19 53 73
61 68 73
47 58 73
26 32 73
10 57 73
4 72 73
26 65 73
38 55 73
12 42 73
25 69 73
22 28 73
45 46 73
38 44 73
5 64 73
50 63 73
10 65 73
15 20 73
5 31 73
33 34 73
43 45 73
26 66 73
12 26 73
31 35 73
0 26 73
55 63 73
15 49 73
50 63 73
10 12 73
30 53 73
40 63 73
34 38 73
20 61 73
54 72 73
30 60 74
0 11 74
42 55 74
2 18 74
35 57 74
42 58 74
17 70 74
39 61 74
42 64 74
31 71 74
29 56 74
11 67 74
1 26 74
9 51 74
39 45 74
38 59 74
23 43 74
24 55 74
8 63 74
7 69 74
20 38 74
2 61 74
6 28 74
16 71 74
1 6 74
4 69 74
28 44 74
57 69 74
38 55 74
5 52 74
59 70 74
1 17 74
25 62 74
25 48 74
12 24 74
1 53 74
44 61 74
20 50 74
31 68 74
3 62 74
6 47 74
58 73 74
21 56 74
18 65 74
25 56 74
19 54 74
2 37 74
47 72 74
45 68 74
34 71 74
49 69 74
30 53 74
0 35 74
26 71 74
26 50 74
44 71 74
59 68 74
30 58 74
6 61 74
19 27 74
12 56 74
2 62 74
25 35 74
64 72 74
15 37 74
20 63 74
58 60 74
12 69 74
23 70 74
22 36 74
21 26 74
25 68 74
2 32 74
20 59 74
8 46 74
3 51 74
22 52 74
5 39 74
67 71 74
38 48 74
1 37 74
1 25 74
38 61 74
57 67 74
16 72 74
13 13 74
23 61 74
61 66 74
17 41 74
14 35 74
54 59 74
2 49 74
45 69 74
65 74 74
42 66 74
31 45 74
25 53 74
8 55 74
37 59 74
36 61 74
3 13 74
31 36 74
57 61 74
61 74 74
15 50 74
32 34 74
18 63 74
39 66 74
52 70 74
54 57 74
21 60 75
13 36 75
46 50 75
31 32 75
69 73 75
23 24 75
52 53 75
5 5 75
49 55 75
19 45 75
2 5 75
9 39 75
10 49 75
44 55 75
34 38 75
2 30 75
40 62 75
7 52 75
55 59 75
61 71 75
32 57 75
32 65 75
48 53 75
21 72 75
31 49 75
17 52 75
6 51 75
35 57 75
23 30 75
4 26 75
5 23 75
9 31 75
17 21 75
44 70 75
7 61 75
19 55 75
44 52 75
29 50 75
49 58 75
17 26 75
14 14 75
32 44 75
23 52 75
41 53 75
0 48 75
30 59 75
24 43 75
8 17 75
15 19 75
2 13 75
29 30 75
6 16 75
17 62 75
19 34 75
20 28 75
41 61 75
64 68 75
11 32 75
9 52 75
2 48 75
0 71 75
0 32 75
8 27 75
7 60 75
12 44 75
65 72 75
34 67 75
3 14 75
4 34 75
29 54 75
36 63 75
30 61 75
43 44 75
38 51 75
16 17 75
20 29 75
19 27 75
8 46 75
54 72 75
7 26 75
6 49 75
35 70 75
7 27 75
30 51 75
42 43 75
4 61 75
39 70 75
51 58 75
38 44 75
5 65 75
0 35 75
31 31 75
8 62 75
22 29 75
30 67 76
2 11 76
22 37 76
12 35 76
30 31 76
36 46 76
19 48 76
0 26 76
1 5 76
40 57 76
70 73 76
51 75 76
64 73 76
33 44 76
48 50 76
8 54 76
4 45 76
5 55 76
19 49 76
32 45 76
20 24 76
2 23 76
23 63 76
6 67 76
6 70 76
12 47 76
10 18 76
4 31 76
5 35 76
37 66 76
50 60 76
15 50 76
11 25 76
1 3 76
40 47 76
50 72 76
16 22 76
14 56 76
15 41 76
21 44 76
36 51 76
27 43 76
12 28 76
17 24 76
1 66 76
40 47 76
37 45 76
33 63 76
8 13 76
34 69 76
3 45 76
19 63 76
26 41 76
22 54 76
56 66 76
23 57 76
31 72 76
27 36 76
12 53 76
20 69 76
3 60 76
6 69 76
8 52 76
1 7 76
24 38 76
33 66 76
13 27 76
44 64 76
29 68 76
10 31 76
7 64 76
44 71 76
3 50 76
55 73 76
39 49 76
37 71 76
44 44 76
26 75 76
0 67 76
12 14 76
17 18 76
32 73 76
31 44 76
17 50 76
20 75 76
56 58 76
10 70 76
2 44 76
6 14 76
47 74 76
43 72 76
38 65 76
38 41 76
46 54 76
46 70 76
29 45 76
11 33 76
35 48 76
0 9 76
12 15 76
12 26 76
38 48 76
34 37 76
18 66 76
60 69 76
12 74 76
18 73 76
57 64 76
22 72 76
53 67 77
16 29 77
20 69 77
12 56 77
21 77 77
46 59 77
50 57 77
16 19 77
10 57 77
51 62 77
52 66 77
2 16 77
5 63 77
15 50 77
8 59 77
31 65 77
49 55 77
15 29 77
3 37 77
38 61 77
44 72 77
24 62 77
41 45 77
6 39 77
2 37 77
41 57 77
3 36 77
13 30 77
12 37 77
19 76 77
21 50 77
11 72 77
40 61 77
0 33 77
11 24 77
1 69 77
5 70 77
23 70 77
30 74 77
2 31 77
25 59 77
5 50 77
14 51 77
27 51 77
58 59 77
51 74 77
25 67 77
15 32 77
6 73 77
63 69 77
31 41 77
15 63 77
31 51 77
34 44 77
26 31 77
26 64 77
11 64 77
3 25 77
29 36 77
24 52 77
29 68 77
21 29 77
6 49 77
39 44 77
42 63 77
47 66 77
9 76 77
48 51 77
5 62 77
13 45 77
13 61 77
70 71 77
5 74 77
24 57 77
4 19 77
28 37 77
12 20 77
28 47 77
28 61 77
40 59 77
4 43 77
34 55 77
36 50 77
20 50 77
53 76 77
26 31 77
2 30 77
31 38 77
12 59 78
42 60 78
67 68 78
63 74 78
9 45 78
2 18 78
44 69 78
0 53 78
16 75 78
36 38 78
2 46 78
5 12 78
60 77 78
18 36 78
2 9 78
63 77 78
18 73 78
27 47 78
14 65 78
1 59 78
6 58 78
15 51 78
27 65 78
15 21 78
34 60 78
43 45 78
11 67 78
8 76 78
17 77 78
1 61 78
23 70 78
4 9 78
5 55 78
8 49 78
37 73 78
71 74 78
36 39 78
44 68 78
12 55 78
3 7 78
17 22 78
49 68 78
61 71 78
12 63 78
55 68 78
9 41 78
6 23 78
6 56 78
6 57 78
19 56 78
10 39 78
1 8 78
58 77 78
3 40 78
21 78 78
56 67 78
63 75 78
44 65 78
26 37 78
23 39 78
10 66 78
46 61 78
8 45 78
8 9 78
12 14 78
14 66 78
46 50 78
22 73 78
50 53 78
59 68 78
4 31 78
44 51 78
32 57 78
12 12 78
37 49 78
0 73 78
18 52 78
0 62 78
47 62 78
5 59 78
22 48 78
60 73 78
59 69 78
19 60 78
28 63 78
36 52 78
15 77 78
22 36 78
28 56 78
25 59 78
13 52 78
21 23 78
36 47 78
13 32 78
30 32 78
14 20 78
60 68 78
57 76 78
2 54 78
40 57 78
2 43 78
20 22 78
25 69 78
4 28 79
22 70 79
9 72 79
45 66 79
29 31 79
35 65 79
14 48 79
46 76 79
24 70 79
16 75 79
67 73 79
9 33 79
27 73 79
0 66 79
2 31 79
77 79 79
37 39 79
0 68 79
53 67 79
59 66 79
76 79 79
61 64 79
23 66 79
32 38 79
3 78 79
61 72 79
5 55 79
64 69 79
7 16 79
20 36 79
1 11 79
21 71 79
21 30 79
29 52 79
71 73 79
46 46 79
35 48 79
38 55 79
6 22 79
18 24 79
17 35 79
7 38 79
42 44 79
26 76 79
13 54 79
31 64 79
24 66 79
66 78 79
25 27 79
21 53 79
10 48 79
2 39 79
15 64 79
48 55 79
41 52 79
7 62 79
58 76 79
47 74 79
25 68 79
27 58 79
40 60 79
4 67 79
5 24 79
3 36 79
51 61 79
26 69 79
34 44 79
16 63 79
32 34 79
29 58 79
9 60 79
21 55 79
3 19 79
23 31 79
17 22 79
27 65 79
34 40 79
21 76 79
39 72 79
32 67 79
15 34 79
69 75 79
26 68 79
33 39 79
27 73 79
3 34 79
29 63 79
4 66 79
59 63 79
0 50 79
23 46 79
25 77 79
16 37 79
25 63 79
6 72 79
9 55 79
32 64 79
55 57 79
16 69 79
42 48 79
25 28 79
4 40 79
17 59 79
7 52 79
1 8 79
40 70 79
25 30 79
22 24 79
28 71 79
13 64 79
24 28 79
53 71 79
52 76 79
14 44 79
56 78 79
25 72 80
43 79 80
30 46 80
40 67 80
10 72 80
36 69 80
9 30 80
16 35 80
47 78 80
14 16 80
16 37 80
5 74 80
11 56 80
43 63 80
38 54 80
11 76 80
57 62 80
53 63 80
8 55 80
61 69 80
40 68 80
23 28 80
42 56 80
23 45 80
26 30 80
43 54 80
14 27 80
1 19 80
36 71 80
15 46 80
53 72 80
10 62 80
20 44 80
4 12 80
3 44 80
36 48 80
40 47 80
28 63 80
14 29 80
10 29 80
35 54 80
34 45 80
6 51 80
30 66 80
30 57 80
69 79 80
5 59 80
58 66 80
10 22 80
56 70 80
78 79 80
19 53 80
41 73 80
41 52 80
1 7 80
18 65 80
17 62 80
2 36 80
34 66 80
20 36 80
42 53 80
37 76 80
7 24 80
32 33 80
29 53 80
4 14 80
45 54 80
46 74 80
9 32 80
36 67 80
45 70 80
2 36 80
4 57 80
6 32 80
29 75 80
17 33 80
13 35 80
36 58 80
52 69 80
14 63 80
15 54 80
29 72 80
39 49 80
31 43 80
4 62 80
55 61 80
60 76 80
52 79 80
23 80 80
42 69 80
23 64 80
3 70 80
68 76 80
68 72 80
16 45 80
23 72 80
9 30 80
30 46 80
18 60 80
71 78 80
0 60 80
7 22 80
6 26 80
56 61 80
26 39 80
25 64 80
64 77 80
44 78 80
31 75 80
3 47 80
13 58 80
27 32 80
68 73 80
34 62 80
8 15 80
23 35 80
11 33 80
59 69 80
9 56 80
61 63 80
11 57 80
7 76 80
10 46 80
10 38 80
15 29 80
23 24 80
5 60 80
25 78 80
4 59 81
0 75 81
52 60 81
6 15 81
34 76 81
19 23 81
29 76 81
9 32 81
22 45 81
39 41 81
47 71 81
61 72 81
30 63 81
2 81 81
17 52 81
35 43 81
19 51 81
25 74 81
4 61 81
15 55 81
24 51 81
47 80 81
6 21 81
47 58 81
43 78 81
29 77 81
7 24 81
24 60 81
1 6 81
44 48 81
0 72 81
1 5 81
37 66 81
46 55 81
7 75 81
0 23 81
18 31 81
72 78 81
24 44 81
19 67 81
28 64 81
5 68 81
14 71 81
34 64 81
46 61 81
42 79 81
54 80 81
33 46 81
49 79 81
10 42 81
32 74 81
35 51 81
40 44 81
23 66 81
6 45 81
53 76 81
4 28 81
48 60 81
27 37 81
6 71 81
33 49 81
41 73 81
13 71 81
31 50 81
28 32 81
1 66 81
6 55 81
20 45 81
34 66 81
22 73 81
27 69 81
40 57 81
62 76 81
27 44 81
12 29 81
16 32 81
37 60 81
41 53 81
10 16 81
41 69 81
3 80 81
8 62 81
5 28 81
45 53 81
21 67 81
47 68 81
19 37 81
42 73 81
71 76 81
43 57 81
41 68 81
14 25 81
11 40 81
34 41 81
13 56 81
21 37 81
23 65 81
26 75 81
63 64 81
6 6 81
27 67 81
16 81 81
27 73 81
4 27 81
2 78 81
51 79 81
67 69 81
26 34 81
6 13 81
0 75 81
32 32 81
43 61 81
0 36 81
11 19 81
48 77 81
4 12 81
42 63 81
24 72 81
48 69 82
22 46 82
19 78 82
17 59 82
2 5 82
6 39 82
29 73 82
60 73 82
60 78 82
47 51 82
5 67 82
52 54 82
11 32 82
45 53 82
6 9 82
40 57 82
45 64 82
5 13 82
42 53 82
49 76 82
5 46 82
48 75 82
31 36 82
21 29 82
17 52 82
11 46 82
52 52 82
36 38 82
7 11 82
60 67 82
15 55 82
53 61 82
19 32 82
11 66 82
40 46 82
12 14 82
64 67 82
23 77 82
37 64 82
44 63 82
29 70 82
40 59 82
9 55 82
9 25 82
48 63 82
31 38 82
56 59 82
48 80 82
56 81 82
7 57 82
50 59 82
1 72 82
31 75 82
61 65 82
18 69 82
25 78 82
4 30 82
46 57 82
23 46 82
77 79 82
17 22 82
30 78 82
51 64 82
48 73 82
36 46 82
62 72 82
29 46 82
61 81 82
34 53 82
10 51 82
12 42 82
4 27 82
14 60 82
11 12 82
12 41 82
6 77 82
28 41 82
20 80 82
43 64 82
44 74 82
58 63 82
15 42 82
30 53 82
39 74 82
17 56 82
32 52 82
49 60 82
36 53 82
27 42 82
37 46 82
4 46 82
32 56 82
0 61 82
17 31 82
7 75 82
11 33 82
1 19 82
30 75 82
3 7 82
22 57 82
0 69 82
67 74 82
43 76 82
67 70 82
4 57 82
1 77 82
74 75 82
32 45 82
29 50 82
10 65 82
7 74 82
37 50 82
16 59 82
48 72 82
48 78 82
16 65 82
21 68 82
74 82 82
12 32 82
7 64 82
17 31 82
42 54 82
69 74 82
7 30 82
45 68 82
12 58 82
19 50 82
35 51 83
14 69 83
5 82 83
32 38 83
55 79 83
4 54 83
6 59 83
22 69 83
22 44 83
6 25 83
1 6 83
14 78 83
6 58 83
1 41 83
75 77 83
6 28 83
23 58 83
35 62 83
7 66 83
10 29 83
16 46 83
66 76 83
6 14 83
48 81 83
1 36 83
33 51 83
6 33 83
34 79 83
23 48 83
54 66 83
11 58 83
59 61 83
46 72 83
26 66 83
4 28 83
39 67 83
17 75 83
28 63 83
33 42 83
4 73 83
32 71 83
39 78 83
4 43 83
39 53 83
13 43 83
39 64 83
50 54 83
38 70 83
7 9 83
19 46 83
8 54 83
19 66 83
9 10 83
2 76 83
26 59 83
42 60 83
39 54 83
25 39 83
15 17 83
15 29 83
5 75 83
16 65 83
14 45 83
20 58 83
6 34 83
16 71 83
39 39 83
52 66 83
24 80 83
5 30 83
6 49 83
68 80 83
38 70 83
7 54 83
10 81 83
54 57 83
24 56 83
51 80 83
31 48 83
40 56 83
3 83 83
13 41 83
11 70 83
46 79 83
7 29 83
73 83 83
14 62 83
14 20 83
23 43 83
39 64 83
45 65 83
22 65 83
11 32 83
2 55 83
17 73 83
29 30 83
6 24 83
40 47 83
12 23 83
23 30 83
4 6 83
25 77 83
3 75 83
7 10 83
6 59 83
31 66 83
30 40 83
28 40 83
51 66 83
20 67 83
47 73 83
19 49 83
39 73 83
5 65 83
52 54 83
15 34 83
25 66 83
39 68 84
13 51 84
22 82 84
71 75 84
1 6 84
72 79 84
14 74 84
36 37 84
7 19 84
13 35 84
10 63 84
26 42 84
35 60 84
61 77 84
61 83 84
44 78 84
11 72 84
18 34 84
27 43 84
51 66 84
59 64 84
77 78 84
46 72 84
16 22 84
17 44 84
72 76 84
28 74 84
18 62 84
20 63 84
40 64 84
10 69 84
58 77 84
5 52 84
27 38 84
12 63 84
51 67 84
11 29 84
9 77 84
32 76 84
7 12 84
51 74 84
17 24 84
13 37 84
28 46 84
32 43 84
8 74 84
27 77 84
37 46 84
29 76 84
8 27 84
60 64 84
67 83 84
19 61 84
53 78 84
63 68 84
4 67 84
77 80 84
9 34 84
20 72 84
32 50 84
12 77 84
63 71 84
43 68 84
3 78 84
9 13 84
65 72 84
0 21 84
6 11 84
29 34 84
77 82 84
19 22 84
8 72 84
51 57 84
18 76 84
49 66 84
41 74 84
73 79 84
63 75 84
11 55 84
7 14 84
28 37 84
6 72 84
44 83 84
22 41 84
29 77 84
8 67 84
6 45 84
30 61 84
24 74 84
2 13 84
14 74 84
18 33 84
52 65 84
25 76 84
34 44 84
34 47 84
48 57 84
4 28 84
16 36 84
24 42 84
14 47 84
6 68 84
23 62 84
18 24 84
24 83 84
4 12 84
29 42 84
51 62 84
42 53 84
9 38 84
48 63 84
55 71 84
21 68 84
5 76 84
46 74 85
22 45 85
8 52 85
29 33 85
21 71 85
54 62 85
44 47 85
40 68 85
52 80 85
32 81 85
18 22 85
31 54 85
35 80 85
35 67 85
16 42 85
56 83 85
2 23 85
59 71 85
3 19 85
0 49 85
30 79 85
42 82 85
41 62 85
29 69 85
19 55 85
21 58 85
69 81 85
14 21 85
46 53 85
37 63 85
3 25 85
0 60 85
23 67 85
7 54 85
27 32 85
1 73 85
29 79 85
34 46 85
10 23 85
8 30 85
20 79 85
7 41 85
15 67 85
9 84 85
39 51 85
2 76 85
20 50 85
30 81 85
25 84 85
39 57 85
13 49 85
64 67 85
5 78 85
3 51 85
34 34 85
11 54 85
28 50 85
37 71 85
34 69 85
9 84 85
56 82 85
72 80 85
1 32 85
4 48 85
29 33 85
3 5 85
8 20 85
46 70 85
40 41 85
16 49 85
43 73 85
62 63 85
28 37 85
46 58 85
3 50 85
1 70 85
9 41 85
7 8 85
2 18 85
0 2 85
33 42 85
2 33 85
38 66 85
12 55 85
0 45 85
63 75 85
23 57 85
35 38 85
1 49 85
25 61 85
27 69 85
44 53 85
33 72 85
62 84 85
61 71 85
31 33 85
26 30 85
50 81 85
64 65 85
46 47 85
18 44 85
17 68 85
26 76 85
47 73 85
4 32 85
67 75 85
53 77 85
45 51 85
6 81 85
58 61 85
5 15 85
59 69 85
12 80 85
38 77 85
56 56 85
42 54 85
30 44 85
36 69 85
13 62 85
10 10 85
20 34 85
0 27 85
33 80 85
5 24 85
4 64 85
47 64 85
4 65 85
65 67 85
11 32 85
33 36 85
19 70 85
20 38 85
12 36 85
8 34 86
24 62 86
46 58 86
22 51 86
30 47 86
57 73 86
54 62 86
3 67 86
15 78 86
31 38 86
17 24 86
40 73 86
22 25 86
0 16 86
29 76 86
4 38 86
2 46 86
45 58 86
12 20 86
5 23 86
11 40 86
10 17 86
18 34 86
39 56 86
62 68 86
31 69 86
52 54 86
23 54 86
47 65 86
13 48 86
7 9 86
1 13 86
15 83 86
46 55 86
29 66 86
50 86 86
64 69 86
17 28 86
7 44 86
15 46 86
28 73 86
34 66 86
9 71 86
70 85 86
9 24 86
43 47 86
2 32 86
18 67 86
11 84 86
10 34 86
15 67 86
71 82 86
5 79 86
33 40 86
19 28 86
18 69 86
22 62 86
10 43 86
33 50 86
29 30 86
2 31 86
9 11 86
40 85 86
17 23 86
36 81 86
12 46 86
38 83 86
22 45 86
29 77 86
0 36 86
15 49 86
29 42 86
34 51 86
4 66 86
35 75 86
0 70 86
76 76 86
37 70 86
13 38 86
5 33 86
34 59 86
3 84 86
36 44 86
30 44 86
26 35 86
9 47 86
47 83 86
10 83 86
12 80 86
37 69 86
65 73 86
2 29 86
11 71 86
2 8 86
64 78 86
12 32 86
61 77 86
23 74 86
27 76 86
23 57 86
11 41 86
30 86 86
8 59 86
19 29 86
10 16 86
49 85 86
43 64 86
6 14 86
53 62 86
35 43 86
4 32 86
6 20 86
34 75 86
35 78 86
0 37 86
64 85 86
23 56 86
49 75 86
14 61 86
20 24 86
26 39 86
10 44 86
70 80 86
11 48 86
29 55 86
36 66 86
4 75 86
6 75 86
57 82 86
11 63 86
8 40 86
58 60 86
9 27 86
56 76 86
35 64 86
3 52 86
57 68 86
4 27 86
2 60 86
6 27 86
47 72 86
37 38 86
65 75 86
50 55 86
24 84 86
27 35 86
1 16 86
3 75 86
24 68 86
7 51 87
36 83 87
2 29 87
50 65 87
5 27 87
20 72 87
19 50 87
10 73 87
55 57 87
8 60 87
35 37 87
73 78 87
24 77 87
30 36 87
25 46 87
43 50 87
31 35 87
3 59 87
58 80 87
25 74 87
34 74 87
5 14 87
29 85 87
55 86 87
16 47 87
70 71 87
2 41 87
64 71 87
13 71 87
27 43 87
2 77 87
10 79 87
29 52 87
13 51 87
54 86 87
31 37 87
6 69 87
76 84 87
39 63 87
21 58 87
79 85 87
32 58 87
16 66 87
69 81 87
2 26 87
11 74 87
25 47 87
17 82 87
8 31 87
31 57 87
17 54 87
33 52 87
20 79 87
9 20 87
15 69 87
31 54 87
33 61 87
6 25 87
10 37 87
40 83 87
12 21 87
54 54 87
67 81 87
25 44 87
68 83 87
3 62 87
9 23 87
62 85 87
44 63 87
45 68 87
5 55 87
11 23 87
11 21 87
19 75 87
11 67 87
3 41 87
28 58 87
26 69 87
41 81 87
4 53 87
16 70 87
44 51 87
31 45 87
65 79 87
28 41 87
18 38 87
7 48 87
10 73 87
1 9 87
49 51 87
28 47 87
58 74 87
12 21 87
76 82 87
59 60 87
43 59 87
68 87 87
37 72 87
25 81 87
39 86 87
1 14 87
73 79 87
30 72 87
81 86 87
48 81 87
28 41 87
8 52 87
25 63 87
18 71 87
8 61 87
21 80 87
17 42 87
3 46 87
60 75 87
56 81 87
2 33 87
44 85 87
28 37 87
24 58 87
40 72 87
13 30 87
34 37 87
3 82 87
53 82 87
13 66 87
66 83 87
0 18 87
62 78 87
55 75 87
11 34 87
11 17 87
13 79 87
3 85 87
14 87 87
47 68 88
58 67 88
38 65 88
20 84 88
27 46 88
49 74 88
44 63 88
29 67 88
64 80 88
54 76 88
34 87 88
1 68 88
32 67 88
6 47 88
11 66 88
19 66 88
6 36 88
37 64 88
33 40 88
42 53 88
34 61 88
54 84 88
3 82 88
10 48 88
1 63 88
0 9 88
32 71 88
29 46 88
47 55 88
60 71 88
6 65 88
69 81 88
5 34 88
42 86 88
55 86 88
23 79 88
45 80 88
24 61 88
37 49 88
73 78 88
60 84 88
11 50 88
3 74 88
24 70 88
59 62 88
44 70 88
52 81 88
13 64 88
12 33 88
51 79 88
13 30 88
47 72 88
39 49 88
20 63 88
47 59 88
33 53 88
60 75 88
4 18 88
5 73 88
0 6 88
54 78 88
10 25 88
1 82 88
13 63 88
67 69 88
16 47 88
20 72 88
50 87 88
9 52 88
5 16 88
6 72 88
16 52 88
67 70 88
44 51 88
1 42 88
54 57 88
31 44 88
31 82 88
1 37 88
27 60 88
21 60 88
66 86 88
22 67 88
24 40 88
13 62 88
52 82 88
38 51 88
16 77 88
20 70 88
47 83 88
15 65 88
44 68 88
7 67 88
59 71 88
27 71 88
26 75 88
31 81 88
3 56 88
11 88 88
67 84 88
35 82 88
61 83 88
20 44 88
44 71 88
26 81 88
15 74 88
7 82 88
2 48 88
23 61 88
49 50 88
75 86 88
5 39 88
14 24 88
27 87 88
2 12 88
57 80 88
81 82 88
33 78 88
37 69 88
51 71 88
46 75 88
47 47 88
56 64 88
0 87 88
25 49 88
78 85 88
14 69 88
1 88 88
62 78 88
19 66 88
36 58 88
26 85 88
11 12 88
23 29 88
30 49 88
21 42 88
21 31 88
36 39 88
45 87 88
16 67 88
12 41 88
63 80 88
10 63 88
56 63 88
44 75 88
20 48 88
77 81 88
11 31 88
4 37 88
8 59 89
3 60 89
67 80 89
54 60 89
32 71 89
6 70 89
8 13 89
3 66 89
5 82 89
14 88 89
4 54 89
19 61 89
51 73 89
1 53 89
5 66 89
50 56 89
73 84 89
44 71 89
4 53 89
63 81 89
5 75 89
33 44 89
74 79 89
67 71 89
14 29 89
5 53 89
28 69 89
64 88 89
14 39 89
2 43 89
5 9 89
8 85 89
26 64 89
51 77 89
4 79 89
36 38 89
3 18 89
19 72 89
27 55 89
5 17 89
55 85 89
23 60 89
28 29 89
58 81 89
38 73 89
69 73 89
33 36 89
21 49 89
0 77 89
8 53 89
24 40 89
67 70 89
11 86 89
15 18 89
29 69 89
50 61 89
49 88 89
10 24 89
31 35 89
58 82 89
65 88 89
25 49 89
1 71 89
11 20 89
5 88 89
17 41 89
24 88 89
10 86 89
25 59 89
19 65 89
8 79 89
11 19 89
73 79 89
61 85 89
21 40 89
62 69 89
26 56 89
16 82 89
16 56 89
19 85 89
67 71 89
31 37 89
78 87 89
12 68 89
37 57 89
35 50 89
7 57 89
65 72 89
18 69 89
26 56 89
42 74 89
57 77 89
32 56 89
35 88 89
19 47 89
6 67 89
3 60 89
4 24 89
5 54 89
36 43 89
65 69 89
60 89 89
71 78 89
63 76 89
20 50 89
15 80 89
16 40 89
84 88 89
45 69 89
34 68 89
15 26 89
49 64 89
72 83 89
23 76 89
25 40 89
57 74 89
68 86 89
11 48 89
25 25 89
22 62 89
4 78 89
56 59 89
69 75 89
7 15 89
1 38 89
6 77 89
45 54 89
37 61 89
38 72 89
3 53 89
51 52 89
5 56 89
8 84 89
13 28 89
33 87 89
44 74 89
31 77 89
3 57 89
2 15 89
38 82 89
38 53 89
14 73 89
17 80 89
26 66 89
10 46 89
55 72 89
52 74 90
55 81 90
40 63 90
43 81 90
7 9 90
26 72 90
52 75 90
14 30 90
7 45 90
11 30 90
16 32 90
66 75 90
18 26 90
59 64 90
28 78 90
27 84 90
6 13 90
17 22 90
15 41 90
8 47 90
61 71 90
13 34 90
30 46 90
50 72 90
41 53 90
18 73 90
44 53 90
54 56 90
24 39 90
14 62 90
68 81 90
41 82 90
15 36 90
34 88 90
82 87 90
31 43 90
61 89 90
27 55 90
21 85 90
48 49 90
10 61 90
1 36 90
20 75 90
70 75 90
52 81 90
23 60 90
14 58 90
35 67 90
19 58 90
39 75 90
19 35 90
15 37 90
9 16 90
11 12 90
10 45 90
1 4 90
44 63 90
37 86 90
41 89 90
32 62 90
24 57 90
22 49 90
4 48 90
17 20 90
25 67 90
53 55 90
17 57 90
39 75 90
46 59 90
17 59 90
2 74 90
27 66 90
83 83 90
46 48 90
1 29 90
26 36 90
22 78 90
1 4 90
8 44 90
23 27 90
57 87 90
59 66 90
75 86 90
8 61 90
16 53 90
32 54 90
24 37 90
49 78 90
14 23 90
27 86 90
68 85 90
24 30 90
18 26 90
27 82 90
21 36 90
43 53 90
28 34 90
7 15 90
20 62 90
48 86 90
34 43 90
22 81 90
73 85 90
18 78 90
59 84 90
46 51 90
17 57 90
8 81 90
16 52 90
10 87 90
62 77 90
30 60 90
80 87 90
12 12 90
26 63 90
5 36 90
15 46 90
14 45 90
3 36 90
38 57 90
14 64 90
16 74 90
30 58 90
13 52 90
33 52 90
35 76 90
9 74 90
31 82 90
28 37 90
9 14 90
5 48 90
25 27 90
57 64 90
21 37 90
45 90 90
4 62 90
19 88 90
73 79 90
6 22 90
0 76 90
18 68 90
45 82 90
2 27 90
9 10 90
15 29 90
18 76 90
47 73 90
40 54 90
58 86 90
43 65 90
24 52 90
61 66 90
14 81 90
19 55 90
2 30 90
23 83 90
3 31 90
30 62 90
32 66 90
14 55 90
14 85 90
9 66 90
48 77 91
30 47 91
7 13 91
17 75 91
18 66 91
55 78 91
0 54 91
22 36 91
10 15 91
8 87 91
40 61 91
78 86 91
4 11 91
15 65 91
58 85 91
19 79 91
13 14 91
41 50 91
20 28 91
41 58 91
0 26 91
2 82 91
41 64 91
23 54 91
27 31 91
7 35 91
2 11 91
3 25 91
4 65 91
43 88 91
9 84 91
15 18 91
46 58 91
2 45 91
16 37 91
13 63 91
53 64 91
29 85 91
79 91 91
15 79 91
0 45 91
7 84 91
47 78 91
27 67 91
42 88 91
2 65 91
25 41 91
24 26 91
2 75 91
62 69 91
20 43 91
59 74 91
22 52 91
20 37 91
17 69 91
51 72 91
67 84 91
33 84 91
22 62 91
60 85 91
9 69 91
10 17 91
13 58 91
59 84 91
34 56 91
14 29 91
29 62 91
68 90 91
37 44 91
43 47 91
76 84 91
51 61 91
25 90 91
3 5 91
14 89 91
57 91 91
12 47 91
22 88 91
57 58 91
17 76 91
41 52 91
21 83 91
49 84 91
20 66 91
28 41 91
28 83 91
33 69 91
25 60 91
69 82 91
42 69 91
1 37 91
16 79 91
0 39 91
25 56 91
0 12 91
3 46 91
17 38 91
22 77 91
61 68 91
23 27 91
29 53 91
56 89 91
13 63 91
16 25 91
12 63 91
53 65 91
4 57 91
42 80 91
4 34 91
11 64 91
2 84 91
43 50 91
7 76 91
3 74 91
45 59 91
19 28 91
71 83 91
56 56 91
43 55 91
14 30 91
6 33 91
31 53 91
30 89 91
8 86 91
23 70 91
12 32 91
31 88 91
59 73 91
48 49 91
40 78 91
36 45 91
25 37 91
45 78 91
6 11 91
33 42 91
13 62 91
4 77 91
37 90 91
36 40 91
13 39 91
48 70 91
5 39 91
77 86 91
13 21 91
58 58 91
76 83 91
6 43 91
8 53 91
10 65 91
10 23 91
26 67 91
18 31 91
26 49 91
16 16 91
27 40 91
47 84 91
21 84 91
6 83 91
30 52 91
54 70 92
54 55 92
13 91 92
4 46 92
43 68 92
9 71 92
30 44 92
43 76 92
35 47 92
42 56 92
0 76 92
13 34 92
32 49 92
24 85 92
29 82 92
2 31 92
21 22 92
60 65 92
48 56 92
49 78 92
28 32 92
54 64 92
78 84 92
25 48 92
70 85 92
71 78 92
53 57 92
20 32 92
11 87 92
23 54 92
37 63 92
32 46 92
33 38 92
22 42 92
23 75 92
23 59 92
8 65 92
21 84 92
20 87 92
26 29 92
52 79 92
2 85 92
63 67 92
15 74 92
68 86 92
26 64 92
25 51 92
15 66 92
24 42 92
3 65 92
43 90 92
31 59 92
50 62 92
46 65 92
1 45 92
25 42 92
3 68 92
10 86 92
37 57 92
6 41 92
11 63 92
74 88 92
57 85 92
19 66 92
40 75 92
3 81 92
4 79 92
21 82 92
12 41 92
11 48 92
30 91 92
8 71 92
77 89 92
50 55 92
16 88 92
11 67 92
5 41 92
14 43 92
13 42 92
47 57 92
20 28 92
38 69 92
43 59 92
39 73 92
25 29 92
80 82 92
9 45 92
69 83 92
4 41 92
26 89 92
2 71 92
2 75 92
11 64 92
38 89 92
28 71 92
21 28 92
53 79 92
27 61 92
25 81 92
14 43 92
23 55 92
34 51 92
14 87 92
25 64 92
1 32 92
4 45 92
4 30 92
2 23 92
0 56 92
34 73 92
16 66 92
49 84 92
19 49 92
35 36 92
17 19 92
33 78 92
71 76 92
29 41 92
15 30 92
4 17 92
12 59 92
60 92 92
53 56 92
24 25 92
57 90 92
5 29 92
19 36 92
8 41 92
34 79 92
21 32 92
40 74 92
18 49 92
51 71 92
12 64 92
19 42 92
31 88 92
82 89 92
7 23 92
43 66 92
61 64 92
1 12 92
15 80 92
2 56 92
16 91 92
8 38 92
46 53 92
47 57 92
13 40 92
9 72 92
79 80 92
34 48 92
17 48 92
70 85 92
41 59 92
59 68 92
33 49 92
16 57 92
46 75 92
25 33 92
67 91 93
15 67 93
30 88 93
20 24 93
4 54 93
10 39 93
71 78 93
40 64 93
35 74 93
49 93 93
44 72 93
10 60 93
6 78 93
4 70 93
69 78 93
55 63 93
11 68 93
83 86 93
9 87 93
2 72 93
31 43 93
32 80 93
25 63 93
19 48 93
31 41 93
67 72 93
61 68 93
32 53 93
63 73 93
32 72 93
5 61 93
60 88 93
28 42 93
44 63 93
2 20 93
27 79 93
31 61 93
7 93 93
13 46 93
77 83 93
4 48 93
4 56 93
25 56 93
23 77 93
67 93 93
14 68 93
10 45 93
2 75 93
13 28 93
3 42 93
23 32 93
37 65 93
69 75 93
48 77 93
29 93 93
20 22 93
22 79 93
36 67 93
56 57 93
74 88 93
8 25 93
24 92 93
10 33 93
3 4 93
40 83 93
9 70 93
7 31 93
0 89 93
20 27 93
11 40 93
43 64 93
11 29 93
31 89 93
47 68 93
30 44 93
36 52 93
23 81 93
15 16 93
5 90 93
38 77 93
35 37 93
32 40 93
7 62 93
4 91 93
78 85 93
26 76 93
6 27 93
0 40 93
0 61 93
30 92 93
31 71 93
36 80 93
18 33 93
26 57 93
12 69 93
44 48 93
64 83 93
4 48 93
33 35 93
65 84 93
31 63 93
18 79 93
78 87 93
2 30 93
53 81 93
10 69 93
14 56 93
35 40 93
23 68 93
48 77 93
14 73 93
69 89 93
14 30 93
8 74 93
58 88 93
41 57 93
15 55 93
32 71 93
6 71 93
1 5 93
5 86 93
71 72 93
7 35 93
60 84 93
40 40 93
32 82 93
7 62 93
10 57 93
47 84 93
8 52 93
4 46 93
26 72 93
8 59 93
21 50 93
11 61 93
42 82 93
24 63 93
9 55 93
24 54 93
41 65 93
38 65 93
43 54 93
12 35 93
32 90 93
34 81 93
17 21 93
15 25 93
28 73 93
19 76 93
63 64 93
9 60 93
16 79 93
21 56 93
47 76 93
2 12 93
50 64 93
61 75 93
23 86 93
38 46 93
52 61 93
21 83 94
43 44 94
26 30 94
52 61 94
68 72 94
30 59 94
51 54 94
67 82 94
0 87 94
39 64 94
12 50 94
39 85 94
39 40 94
56 86 94
39 41 94
22 89 94
11 30 94
56 75 94
48 50 94
3 77 94
70 82 94
15 87 94
42 63 94
18 58 94
8 42 94
22 52 94
8 63 94
5 57 94
55 83 94
28 68 94
14 75 94
23 83 94
21 90 94
75 94 94
40 63 94
16 44 94
6 31 94
9 55 94
26 79 94
26 47 94
40 47 94
12 30 94
14 48 94
56 80 94
48 61 94
15 35 94
29 67 94
60 89 94
59 92 94
18 46 94
58 88 94
38 41 94
41 90 94
21 54 94
11 49 94
10 11 94
9 55 94
66 78 94
48 69 94
24 45 94
35 36 94
15 62 94
41 85 94
1 78 94
2 38 94
5 54 94
35 49 94
0 40 94
50 53 94
40 68 94
20 29 94
12 65 94
42 45 94
10 32 94
9 81 94
78 80 94
45 56 94
15 91 94
58 65 94
36 38 94
48 84 94
36 57 94
23 56 94
18 72 94
22 74 94
74 85 94
25 83 94
13 42 94
48 62 94
27 44 94
19 82 94
8 52 94
15 92 94
75 85 94
71 72 94
13 31 94
40 41 94
8 43 94
17 34 94
18 91 94
65 79 94
49 85 94
50 55 94
62 81 94
6 34 94
10 50 94
66 85 94
7 76 94
17 88 94
31 53 94
32 40 94
11 28 94
32 73 94
1 4 94
36 86 94
2 53 94
12 29 94
28 60 94
21 50 94
48 87 94
36 54 94
3 19 94
23 29 94
19 38 94
6 32 94
64 93 94
34 92 94
37 38 94
48 53 94
68 90 94
7 76 94
11 61 94
50 57 94
34 93 94
39 72 94
32 59 94
77 78 94
6 20 94
36 65 94
5 24 94
13 34 94
80 84 94
50 55 94
7 37 94
20 87 94
14 46 94
55 83 94
17 55 94
43 90 94
59 83 94
11 58 94
38 73 94
34 40 94
42 71 94
86 94 94
12 31 94
7 72 94
71 77 94
44 75 94
46 80 94
33 33 94
13 38 94
85 89 94
12 13 94
25 52 94
37 45 94
75 91 94
65 70 94
4 35 94
29 54 94
0 88 94
32 41 94
45 83 94
5 73 94
27 45 94
42 76 94
19 46 94
73 77 94
21 62 94
58 83 95
15 92 95
28 37 95
71 91 95
44 61 95
18 22 95
66 83 95
27 36 95
39 45 95
75 90 95
39 44 95
18 72 95
35 50 95
54 57 95
75 86 95
53 67 95
2 35 95
8 58 95
16 50 95
47 55 95
11 51 95
31 90 95
1 34 95
43 63 95
36 86 95
36 43 95
44 73 95
21 93 95
38 65 95
21 35 95
1 28 95
76 88 95
75 85 95
49 86 95
72 76 95
35 82 95
58 88 95
44 69 95
40 70 95
20 20 95
36 92 95
45 46 95
6 9 95
25 65 95
29 32 95
26 48 95
40 81 95
31 34 95
43 75 95
27 88 95
20 32 95
24 80 95
58 65 95
85 94 95
2 89 95
43 54 95
36 47 95
23 27 95
38 79 95
4 92 95
14 47 95
64 65 95
10 53 95
18 51 95
8 75 95
47 76 95
18 85 95
10 81 95
25 88 95
15 86 95
26 71 95
71 77 95
32 85 95
14 34 95
7 72 95
33 52 95
30 31 95
5 41 95
8 91 95
27 60 95
77 78 95
2 47 95
24 28 95
56 67 95
78 81 95
8 57 95
24 39 95
75 79 95
12 56 95
0 43 95
16 26 95
28 83 95
0 77 95
74 89 95
44 88 95
37 86 95
45 90 95
22 39 95
50 61 95
21 28 95
33 70 95
41 89 95
15 66 95
10 49 95
6 61 95
47 60 95
33 85 95
12 34 95
26 54 95
40 43 95
30 53 95
34 73 95
17 29 95
7 65 95
5 6 95
22 29 95
0 33 95
30 33 95
22 86 95
11 31 95
50 61 95
17 55 95
12 18 95
0 24 95
58 81 95
7 18 95
41 63 95
12 84 95
86 93 95
34 58 95
8 88 95
59 71 95
20 95 95
30 86 95
66 94 95
28 47 95
64 76 95
19 24 95
33 74 95
21 50 95
86 88 95
37 71 95
26 58 95
13 79 95
5 11 95
7 49 95
53 91 95
30 67 95
5 40 95
30 63 95
68 84 95
15 90 95
80 86 95
7 29 95
29 94 95
45 86 95
4 58 95
14 38 95
56 66 95
62 68 95
25 75 95
28 37 95
15 64 95
39 43 95
34 88 95
33 80 95
90 91 96
50 56 96
5 87 96
19 27 96
18 25 96
44 91 96
1 13 96
38 72 96
24 85 96
58 84 96
5 66 96
27 73 96
55 95 96
6 89 96
77 91 96
24 76 96
4 36 96
11 53 96
13 29 96
34 81 96
63 66 96
13 96 96
64 72 96
50 95 96
1 29 96
1 82 96
42 57 96
68 73 96
37 78 96
72 88 96
78 92 96
23 61 96
69 85 96
24 33 96
0 32 96
17 30 96
80 88 96
21 64 96
31 80 96
55 58 96
66 86 96
32 52 96
21 30 96
1 71 96
54 85 96
44 55 96
1 74 96
37 86 96
28 90 96
1 53 96
60 73 96
76 94 96
60 69 96
41 96 96
14 95 96
8 60 96
82 91 96
20 25 96
20 71 96
8 74 96
32 81 96
11 20 96
10 34 96
31 94 96
56 74 96
9 82 96
22 84 96
21 48 96
65 72 96
4 46 96
14 27 96
18 75 96
59 73 96
21 87 96
38 56 96
24 86 96
27 54 96
25 65 96
11 11 96
1 13 96
36 57 96
64 77 96
34 80 96
30 62 96
61 61 96
8 17 96
4 40 96
20 22 96
55 71 96
42 50 96
58 94 96
91 94 96
56 65 96
73 90 96
27 47 96
41 78 96
34 92 96
20 62 96
27 73 96
39 71 96
28 48 96
43 81 96
14 93 96
34 57 96
24 55 96
39 80 96
48 52 96
66 76 96
10 92 96
7 55 96
21 48 96
21 73 96
42 55 96
66 71 96
40 69 96
1 42 96
40 42 96
18 53 96
0 34 96
1 88 96
13 40 96
12 72 96
56 65 96
71 81 96
30 66 96
36 80 96
20 39 96
70 73 96
36 69 96
15 21 96
18 50 96
62 76 96
16 60 96
90 94 96
51 64 96
4 19 96
9 30 96
59 76 96
37 49 96
12 95 96
16 34 96
41 83 96
3 65 96
21 26 96
35 89 96
49 78 96
23 67 96
77 87 96
24 61 96
70 80 96
1 7 96
60 78 96
29 53 96
50 63 96
74 82 96
20 23 96
79 94 96
48 57 96
44 95 96
3 62 96
42 75 96
3 18 96
15 63 96
23 72 96
17 67 96
42 61 96
7 83 96
6 76 96
23 92 96
57 93 96
5 9 96
24 80 96
76 89 96
33 53 96
90 96 96
27 36 96
16 37 96
38 73 96
38 75 96
29 53 96
23 68 96
29 52 96
70 89 96
7 88 97
26 40 97
6 11 97
13 44 97
27 53 97
2 51 97
25 86 97
12 79 97
61 90 97
41 88 97
30 35 97
8 20 97
11 38 97
0 83 97
51 57 97
24 52 97
36 64 97
22 51 97
38 83 97
0 82 97
15 41 97
56 78 97
5 9 97
15 67 97
13 20 97
20 53 97
30 82 97
8 86 97
54 87 97
42 61 97
43 92 97
26 50 97
31 44 97
4 6 97
12 21 97
36 91 97
44 97 97
19 35 97
67 76 97
48 74 97
1 73 97
45 92 97
27 80 97
0 57 97
18 51 97
56 92 97
62 90 97
39 76 97
15 71 97
30 68 97
17 22 97
41 61 97
73 78 97
16 90 97
1 26 97
12 64 97
63 85 97
2 10 97
65 87 97
3 41 97
22 40 97
31 70 97
36 70 97
48 76 97
19 56 97
6 16 97
54 81 97
41 80 97
19 58 97
89 92 97
42 86 97
4 59 97
26 82 97
18 84 97
28 35 97
12 75 97
21 96 97
18 88 97
31 82 97
37 66 97
41 68 97
38 94 97
60 91 97
3 87 97
65 86 97
61 83 97
62 69 97
80 82 97
18 64 97
2 56 97
19 68 97
90 95 97
17 95 97
63 83 97
35 53 97
20 60 97
54 77 97
8 9 97
59 74 97
27 53 97
31 39 97
78 97 97
2 11 97
25 38 97
38 81 97
38 62 97
48 84 97
3 76 97
50 73 97
47 52 97
24 51 97
58 93 97
11 83 97
29 60 97
42 76 97
96 96 97
61 66 97
17 73 97
44 57 97
59 96 97
37 69 97
42 66 97
44 68 97
39 76 97
31 85 97
10 50 97
52 91 97
34 85 97
70 84 97
5 33 97
19 89 97
48 55 97
39 93 97
2 78 97
16 72 97
72 83 97
0 9 97
46 51 97
64 83 97
2 49 97
27 66 97
10 31 97
7 45 97
25 36 97
64 74 97
2 25 97
39 61 97
20 31 97
18 35 97
29 74 97
37 89 97
64 75 97
24 89 97
20 78 97
29 84 97
9 93 97
8 80 97
70 82 97
30 48 97
69 88 97
39 76 97
7 78 97
63 86 97
14 86 97
11 72 97
6 65 97
4 90 97
18 74 97
46 74 97
12 74 97
7 19 97
9 72 97
45 86 97
65 79 97
41 54 97
33 90 97
6 22 97
21 49 97
31 84 97
17 30 97
14 23 97
16 36 97
21 67 97
17 57 97
45 88 97
46 54 97
11 54 97
52 89 97
25 64 97
34 69 97
17 25 97
33 53 97
35 46 97
21 54 97
17 70 98
6 31 98
20 95 98
49 80 98
7 68 98
17 44 98
45 72 98
30 92 98
15 81 98
12 20 98
28 82 98
61 94 98
72 93 98
6 70 98
16 39 98
85 92 98
21 91 98
20 51 98
23 32 98
16 78 98
15 94 98
44 71 98
68 73 98
7 27 98
36 87 98
40 89 98
35 95 98
51 87 98
26 48 98
17 93 98
14 28 98
50 56 98
64 80 98
4 63 98
39 57 98
4 7 98
42 45 98
76 86 98
7 70 98
31 37 98
17 67 98
44 72 98
43 88 98
37 92 98
33 64 98
39 51 98
12 57 98
25 55 98
30 64 98
7 57 98
30 79 98
69 87 98
28 82 98
63 91 98
53 95 98
24 70 98
15 30 98
23 80 98
43 53 98
49 55 98
25 80 98
50 57 98
12 21 98
0 18 98
29 85 98
47 87 98
38 47 98
50 93 98
42 87 98
6 71 98
19 41 98
49 57 98
14 75 98
19 35 98
60 90 98
71 87 98
7 42 98
12 50 98
12 86 98
86 86 98
61 73 98
10 22 98
3 43 98
37 66 98
12 84 98
15 16 98
32 51 98
13 39 98
61 68 98
47 75 98
11 56 98
2 71 98
17 98 98
7 75 98
4 28 98
55 65 98
18 26 98
30 88 98
38 42 98
81 87 98
6 13 98
19 35 98
19 22 98
39 97 98
35 44 98
53 61 98
5 87 98
55 67 98
19 28 98
4 41 98
58 59 98
72 95 98
12 78 98
20 25 98
65 95 98
14 96 98
6 24 98
1 98 98
8 92 98
38 55 98
4 40 98
15 46 98
13 83 98
0 84 98
24 54 98
8 40 98
15 91 98
45 50 98
68 94 98
49 62 98
84 89 98
15 33 98
42 58 98
34 72 98
0 75 98
22 89 98
21 67 98
48 56 98
90 94 98
11 22 98
31 38 98
16 75 98
33 82 98
22 95 98
80 88 98
24 55 98
47 58 98
32 77 98
27 87 98
0 89 98
13 82 98
19 59 98
7 81 98
53 85 98
73 74 98
69 94 98
45 95 98
21 33 98
54 76 98
72 72 98
71 91 98
0 34 98
81 84 98
59 77 98
67 69 98
32 54 99
49 76 99
44 56 99
7 44 99
10 62 99
11 74 99
62 92 99
52 91 99
75 96 99
38 97 99
7 39 99
78 93 99
3 98 99
59 73 99
38 73 99
51 94 99
0 45 99
25 40 99
24 55 99
15 75 99
15 87 99
11 39 99
25 81 99
0 58 99
51 61 99
83 91 99
65 82 99
24 25 99
61 63 99
16 93 99
69 72 99
87 96 99
27 75 99
80 91 99
5 84 99
11 29 99
2 76 99
28 79 99
47 56 99
78 84 99
29 36 99
21 32 99
74 97 99
17 46 99
7 66 99
70 83 99
5 90 99
2 62 99
13 25 99
54 85 99
37 83 99
43 52 99
27 48 99
63 93 99
16 86 99
8 91 99
29 96 99
1 92 99
20 88 99
17 37 99
27 35 99
12 50 99
7 14 99
9 48 99
7 48 99
30 48 99
4 55 99
1 90 99
47 82 99
48 57 99
12 79 99
14 27 99
18 40 99
19 82 99
4 12 99
43 73 99
7 52 99
19 56 99
8 79 99
8 18 99
5 46 99
8 86 99
20 85 99
66 93 99
7 64 99
7 54 99
36 94 99
56 83 99
61 69 99
90 95 99
58 66 99
28 83 99
10 44 99
80 97 99
71 72 99
12 37 99
22 51 99
62 71 99
10 64 99
52 69 99
18 57 99
1 41 99
84 94 99
56 69 99
75 89 99
43 49 99
89 90 99
5 88 99
49 79 99
40 86 99
67 70 99
2 46 99
8 29 99
21 58 99
5 14 99
8 23 99
24 26 99
45 70 99
45 58 99
24 56 99
0 81 99
27 47 99
29 86 99
10 11 99
30 77 99
45 83 99
39 52 99
26 83 99
36 74 99
57 86 99
2 38 99
40 94 99
0 73 99
9 79 99
5 73 99
67 69 99
70 88 99
32 53 99
20 80 99
20 65 99
40 88 99
35 57 99
43 51 99
68 75 99
77 78 99
15 77 99
8 38 99
35 41 99
12 77 99
33 77 99
15 29 99
45 67 99
50 69 99
Time taken to sort - 0.025046 seconds